0.167210710162	0.0707994475211	0.378698224852
0.261962764252	0.127792137718	0.378698224852
0.253036461803	0.146810951828	0.378698224852
0.218272869594	0.0879660368949	0.378698224852
0.139394811367	0.0291080710127	0.378698224852
0.140655568772	0.0319671632645	0.378698224852
0.319300568399	0.193442798102	0.378698224852
0.177114154444	0.0672518327826	0.378698224852
0.297771693317	0.159238739808	0.378698224852
0.258191208888	0.0908388140803	0.378698224852
0.307079840883	0.181275681805	0.378698224852
0.220325039295	0.0813711118468	0.378698224852
0.204304444792	0.107706257207	0.378698224852
0.230902593593	0.0853373148901	0.378698224852
0.279720578627	0.15193737759	0.378698224852
0.174249064537	0.052524207744	0.378698224852
0.230239700445	0.0891697628792	0.378698224852
0.138245456568	0.0345838876411	0.378698224852
0.276321288447	0.1277513793	0.378698224852
0.215255613936	0.104304510811	0.378698224852
0.240107883149	0.12335709229	0.378698224852
0.170784279282	0.0844227383048	0.378698224852
0.182395687906	0.0538004843297	0.378698224852
0.154994050339	0.0514005239704	0.378698224852
0.070278034267	0.0	0.378698224852
0.153201191219	0.0378590348386	0.378698224852
0.287010910409	0.171050354232	0.378698224852
0.259181418355	0.104112673328	0.378698224852
0.0922007640871	0.0107554891234	0.378698224852
0.267222445366	0.0979929297855	0.378698224852
0.230751622942	0.0872795891902	0.378698224852
0.215044445696	0.116760381721	0.378698224852
0.218686405371	0.125158091578	0.378698224852
0.226915587155	0.113224825994	0.378698224852
0.190792002363	0.0743345097027	0.378698224852
0.198195913411	0.0829822476085	0.378698224852
0.27645670209	0.108973287356	0.378698224852
0.232106067944	0.117633587816	0.378698224852
0.277456017797	0.125271231672	0.378698224852
0.246961174585	0.123704400714	0.378698224852
0.236331141499	0.127106808214	0.378698224852
0.260252289744	0.126139649637	0.378698224852
0.258428808184	0.114923761418	0.378698224852
0.270380393254	0.150272414039	0.378698224852
0.274500373199	0.131695183496	0.378698224852
0.177351038797	0.0590617253215	0.378698224852
0.124213457097	0.0267639097176	0.378698224852
0.28714098095	0.190634958866	0.378698224852
0.225225041839	0.0784189442718	0.378698224852
0.146400944851	0.0433061615477	0.378698224852
0.202789995238	0.0969343544551	0.378698224852
0.219638162148	0.088873342258	0.378698224852
0.22330298494	0.0926816160959	0.378698224852
0.238135537396	0.0804748516724	0.378698224852
0.222507179795	0.0825064900225	0.378698224852
0.201959084001	0.100434392019	0.378698224852
0.242676721351	0.0880244086737	0.378698224852
0.254760139498	0.125208923016	0.378698224852
0.246089122232	0.117158640277	0.378698224852
0.257843900681	0.120442438682	0.378698224852
0.208536946723	0.0941921429389	0.378698224852
0.216447191526	0.093992654862	0.378698224852
0.115390941187	0.0243929628374	0.378698224852
0.216959679327	0.079803809252	0.378698224852
0.15836277835	0.05172264056	0.378698224852
0.246374604653	0.153311550404	0.378698224852
0.22364834541	0.0895452222282	0.378698224852
0.272542862708	0.159600528499	0.378698224852
0.269000543068	0.132288731436	0.378698224852
0.285015703526	0.169965648771	0.378698224852
0.174709487534	0.0535658245184	0.378698224852
0.14878197426	0.0469104932863	0.378698224852
0.227838130679	0.0942945706099	0.378698224852
0.221205123628	0.112629675024	0.378698224852
0.198480366132	0.0840617999761	0.378698224852
0.196898147759	0.0622572016981	0.378698224852
0.168873383039	0.0518843193217	0.378698224852
0.25955830076	0.161335291825	0.378698224852
0.253332650836	0.131010689404	0.378698224852
0.237831409631	0.0744360216441	0.378698224852
0.207574708143	0.0652809502904	0.378698224852
0.20681951244	0.082577341418	0.378698224852
0.268655160412	0.157270954778	0.378698224852
0.236397109853	0.137524798626	0.378698224852
0.190672759831	0.077850985846	0.378698224852
0.230028030522	0.0861396452682	0.378698224852
0.264300950868	0.108397861182	0.378698224852
0.233775285122	0.109600711769	0.378698224852
0.27466912792	0.138247383691	0.378698224852
0.16908630757	0.0447767472603	0.378698224852
0.204701539268	0.108401167506	0.378698224852
0.212984340448	0.100318937173	0.378698224852
0.265591632289	0.148847877569	0.378698224852
0.239558700447	0.105540591298	0.378698224852
0.271089787662	0.109930043296	0.378698224852
0.244037843869	0.137660866542	0.378698224852
0.232017985777	0.10218589372	0.378698224852
0.301448529007	0.146641318844	0.378698224852
0.230902477657	0.105685538437	0.378698224852
0.134234602555	0.0413166468446	0.378698224852
0.263731168459	0.137100342266	0.378698224852
0.200096393852	0.0734955383896	0.378698224852
0.166651962249	0.0481502891478	0.378698224852
0.16749629174	0.0502011902109	0.378698224852
0.264143534758	0.11219547499	0.378698224852
0.254060057686	0.163412617678	0.378698224852
0.249789496846	0.124447171968	0.378698224852
0.263717048422	0.159209437677	0.378698224852
0.310326078045	0.147672106158	0.378698224852
0.224456224695	0.102095328531	0.378698224852
0.198248427132	0.0947184264009	0.378698224852
0.198559989582	0.0580777769992	0.378698224852
0.285088833521	0.187734143309	0.378698224852
0.21916071003	0.102728518468	0.378698224852
0.295638780034	0.133922557669	0.378698224852
0.238930377138	0.0996718280188	0.378698224852
0.146421935709	0.0420744539406	0.378698224852
0.288114180633	0.154412555029	0.378698224852
0.168948166234	0.0589482554899	0.378698224852
0.252233431101	0.138212302226	0.378698224852
0.199928499164	0.0746984359988	0.378698224852
0.234692553633	0.120449110321	0.378698224852
0.136429364566	0.0423282297304	0.378698224852
0.199110953286	0.0901565032302	0.378698224852
0.267453507418	0.109596091288	0.378698224852
0.216559223915	0.0836409169636	0.378698224852
0.271875637115	0.140174214394	0.378698224852
0.192192115024	0.0730410514431	0.378698224852
0.202451026357	0.088383089067	0.378698224852
0.229622094048	0.105723972426	0.378698224852
0.227466545585	0.0868879049037	0.378698224852
0.235753102779	0.118003279795	0.378698224852
0.224156238698	0.0807623155821	0.378698224852
0.205795067752	0.0905868420655	0.378698224852
0.242497556792	0.132045517493	0.378698224852
0.222520515047	0.0824094065957	0.378698224852
0.218169761859	0.111245280376	0.378698224852
0.266485316228	0.16499849888	0.378698224852
0.271857529428	0.112527883512	0.378698224852
0.226259668369	0.123795216523	0.378698224852
0.160160274854	0.0509911092719	0.378698224852
0.266684080666	0.0999753756758	0.378698224852
0.209316192926	0.0913795587213	0.378698224852
0.184500693916	0.0646146068287	0.378698224852
0.255122671397	0.138371687303	0.378698224852
0.240258146174	0.11200212673	0.378698224852
0.270479792167	0.111012213432	0.378698224852
0.219067223161	0.0867216853645	0.378698224852
0.25857391752	0.133149390759	0.378698224852
0.237331154559	0.108862303155	0.378698224852
0.239570922221	0.120667730797	0.378698224852
0.20154593595	0.0778376296875	0.378698224852
0.246943805704	0.114691993381	0.378698224852
0.299639992145	0.179483934954	0.378698224852
0.228229811851	0.115347520206	0.378698224852
0.247462101877	0.106258051981	0.378698224852
0.219781908616	0.0870320328353	0.378698224852
0.299744373069	0.148004229444	0.378698224852
0.249467077111	0.110082253531	0.378698224852
0.211065941969	0.0822959902622	0.378698224852
0.318287175995	0.167965357899	0.378698224852
0.219520900053	0.101948732519	0.378698224852
0.255133922578	0.135115893051	0.378698224852
0.235328385257	0.138628888032	0.378698224852
0.16265831993	0.0455728548526	0.378698224852
0.283806947116	0.144233888281	0.378698224852
0.289380623887	0.155214762107	0.378698224852
0.227943133264	0.0702105869468	0.378698224852
0.186948982295	0.0938299829307	0.378698224852
0.156031595074	0.0635975719684	0.378698224852
0.26698454188	0.182147179874	0.378698224852
0.218683035321	0.0854048468175	0.378698224852
0.232281116955	0.089920326842	0.378698224852
0.260866806385	0.119494908793	0.378698224852
0.239149633316	0.0864939847164	0.378698224852
0.339697623913	0.178107376197	0.378698224852
0.286036946068	0.248517069077	0.378698224852
0.246721293407	0.101693481677	0.378698224852
0.286882272393	0.171337627612	0.378698224852
0.133391338239	0.0665419066382	0.5625
0.132900988417	0.0647741568702	0.5625
0.151694993772	0.0581627276267	0.5625
0.140407688969	0.113325339657	0.5625
0.126535529178	0.0856509284877	0.5625
0.0771427858036	0.0356814206966	0.5625
0.11599785964	0.133528623532	0.5625
0.0689091052784	0.0174517866356	0.5625
0.0768257947675	0.0154521610625	0.5625
0.129593039741	0.100997678549	0.5625
0.12809346684	0.149637312073	0.5625
0.114749725674	0.0709143145869	0.5625
0.14050016277	0.142151637238	0.5625
0.0701783272062	0.038054658292	0.5625
0.141616616921	0.133826468454	0.5625
0.108443023929	0.0933481633163	0.5625
0.158430344862	0.199170118131	0.5625
0.119538290227	0.0666892072007	0.5625
0.147773850981	0.114950379387	0.5625
0.109790285195	0.0774222089473	0.5625
0.135057950501	0.10323756496	0.5625
0.13877744511	0.0733641576738	0.5625
0.102236499863	0.0649008424725	0.5625
0.156710045201	0.135962640442	0.5625
0.105690301796	0.0752885617194	0.5625
0.110165528455	0.0933137345877	0.5625
0.112850318144	0.0863833001385	0.5625
0.185497715836	0.143989291991	0.5625
0.125080485444	0.0743980089419	0.5625
0.157887514411	0.154114681384	0.5625
0.118637168139	0.0975971598899	0.5625
0.188075128184	0.187574643735	0.5625
0.174370837268	0.132916982048	0.5625
0.145558571309	0.132053873949	0.5625
0.0864795487585	0.0587396348903	0.5625
0.140908062558	0.0755707361142	0.5625
0.123635645216	0.155914400106	0.5625
0.108401619592	0.0812417680642	0.5625
0.121758849891	0.051708597477	0.5625
0.11054487964	0.0554241463779	0.5625
0.100609831465	0.0812938614761	0.5625
0.116909772134	0.134672016419	0.5625
0.0819353627446	0.0834232403133	0.5625
0.120257021427	0.104514993423	0.5625
0.14454262354	0.108113216064	0.5625
0.121956160965	0.0681000626522	0.5625
0.0465292694433	0.014653927546	0.5625
0.135843773494	0.127596714099	0.5625
0.118889328842	0.106895409873	0.5625
0.126635802076	0.117709647441	0.5625
0.112649363951	0.0967793821495	0.5625
0.144190689409	0.0852110795619	0.5625
0.131444672278	0.0995964836869	0.5625
0.136580870149	0.111175361333	0.5625
0.14225386863	0.131276458663	0.5625
0.157820815022	0.109978557782	0.5625
0.156283944495	0.257225007526	0.5625
0.137411093977	0.0941227066633	0.5625
0.13594966247	0.209871996488	0.5625
0.111152838611	0.108410733672	0.5625
0.0953659702233	0.0872493395098	0.5625
0.119121996736	0.103503784915	0.5625
0.150622611169	0.137568954922	0.5625
0.135781678684	0.0707148371982	0.5625
0.154318612816	0.115213774573	0.5625
0.144614818698	0.217412265063	0.5625
0.128456935999	0.130000858265	0.5625
0.163646216554	0.173353227467	0.5625
0.147372565185	0.160177326586	0.5625
0.143306002977	0.0830411413449	0.5625
0.113165755483	0.0693374615599	0.5625
0.120482119318	0.11194956374	0.5625
0.138952310457	0.0915169097358	0.5625
0.144487234939	0.0715427387492	0.5625
0.1096503599	0.106913308811	0.5625
0.117467053741	0.0711057384456	0.5625
0.127357788612	0.128185033576	0.5625
0.123463935377	0.106615718248	0.5625
0.137061463923	0.0644682252659	0.5625
0.0983960232402	0.0806290603265	0.5625
0.122883058767	0.155007185176	0.5625
0.152305629056	0.160601648144	0.5625
0.11056214009	0.115101057763	0.5625
0.161088977936	0.0653209442967	0.5625
0.141616616921	0.133826468454	0.5625
0.133248666285	0.113411872155	0.5625
0.105852301164	0.0705021070185	0.5625
0.131920177262	0.0910198457932	0.5625
0.137784281744	0.159712122271	0.5625
0.126532710136	0.101253677809	0.5625
0.161548646242	0.147757237208	0.5625
0.103830174531	0.0968083414479	0.5625
0.134385449621	0.114811389586	0.5625
0.139244258082	0.0836836425185	0.5625
0.168607099803	0.0980490133795	0.5625
0.111758749613	0.054169362496	0.5625
0.197143036393	0.13893552092	0.5625
0.163328420584	0.0841456994849	0.5625
0.156255840572	0.047387068356	0.5625
0.10958072854	0.0760197619155	0.5625
0.224033341466	0.145782298985	0.5625
0.120647342724	0.0517878740193	0.5625
0.230435423027	0.150545799453	0.5625
0.183057657587	0.062129995481	0.5625
0.195012975779	0.0617577681206	0.5625
0.152195085333	0.065802278803	0.5625
0.191804389676	0.0892424890456	0.5625
0.185975721284	0.106190278416	0.5625
0.158933510339	0.0932841787799	0.5625
0.152422426085	0.0777834564441	0.5625
0.159892082896	0.0965950160313	0.5625
0.181422253755	0.0827143791579	0.5625
0.149610252193	0.11332726012	0.5625
0.144949307222	0.0273075036592	0.5625
0.178197495593	0.0968202873233	0.5625
0.231118140535	0.0949033498067	0.5625
0.156580135314	0.0839499143341	0.5625
0.17247429344	0.134543464703	0.5625
0.105669948345	0.0239125897062	0.5625
0.107735925187	0.0412272508363	0.5625
0.118433380612	0.0726019375354	0.5625
0.202625174742	0.084420355973	0.5625
0.258542405768	0.134775350738	0.5625
0.11695768935	0.0421587990217	0.5625
0.178615224321	0.072300239196	0.5625
0.117041021534	0.0290497367086	0.5625
0.12959761486	0.026355770312	0.5625
0.195705849428	0.0977731884165	0.5625
0.117520799478	0.0529560398206	0.5625
0.141531219741	0.0681303223683	0.5625
0.269955777809	0.190384442316	0.5625
0.145383971265	0.0378170876618	0.5625
0.221111488806	0.166120504302	0.5625
0.130936761468	0.0744354291065	0.5625
0.114223169181	0.0584763601318	0.5625
0.122877696472	0.0868036718001	0.5625
0.300096001647	0.163733512909	0.5625
0.126814098693	0.0796423143784	0.5625
0.200254074546	0.0901772583056	0.5625
0.147046758332	0.0620308126392	0.5625
0.214881614298	0.114810900138	0.5625
0.25736263938	0.115647415694	0.5625
0.212297853142	0.0874004499466	0.5625
0.134204896822	0.0688975872174	0.5625
0.147974767497	0.0430250085801	0.5625
0.210398614003	0.0983021334123	0.5625
0.212717171831	0.0888200684102	0.5625
0.248098958333	0.138293105986	0.5625
0.127082903701	0.0843774252436	0.5625
0.215903072241	0.0948880348953	0.5625
0.257242094149	0.116169364314	0.5625
0.170275345016	0.0880528263579	0.5625
0.153479527031	0.0666304240885	0.5625
0.194946499387	0.0764991774191	0.5625
0.0716820635402	0.0171047672675	0.5625
0.21108736825	0.117565456194	0.5625
0.144803105827	0.0456950097033	0.5625
0.123077174405	0.0759736072973	0.5625
0.251859695433	0.150999539567	0.5625
0.126886302146	0.0581890866175	0.5625
0.321732464819	0.19919458697	0.5625
0.143421254808	0.134401865763	0.5625
0.134479273998	0.088925297457	0.5625
0.147973934324	0.144823190099	0.5625
0.19837115908	0.072236739495	0.5625
0.12374740205	0.0444385875964	0.5625
0.22558588285	0.176917751118	0.5625
0.104534838075	0.0245598160472	0.5625
0.147363130237	0.0570853512029	0.5625
0.299669646817	0.187968144578	0.5625
0.228715437457	0.167889392047	0.5625
0.164751541212	0.177710238868	0.5625
0.168671191454	0.0886591407834	0.5625
0.186480766185	0.0758948298767	0.5625
0.226872740849	0.0924424036631	0.5625
0.116623352991	0.0598905896505	0.5625
0.183912191733	0.0917399372738	0.5625
0.166925803966	0.0958710107992	0.5625
0.127895396672	0.0995128770158	0.5625
0.211635598893	0.138536199573	0.5625
0.189635502456	0.0781963928085	0.5625
0.164348850815	0.0807382511271	0.5625
0.114620305785	0.0585728880657	0.5625
0.186885576398	0.0838726278128	0.5625
0.248864057084	0.0813786688595	0.580498866213
0.265372898599	0.108342817802	0.580498866213
0.239489001463	0.111954686088	0.580498866213
0.189052512501	0.106965549062	0.580498866213
0.287896167882	0.135537861506	0.580498866213
0.244225453928	0.0956966423101	0.580498866213
0.179264962981	0.0670683846455	0.580498866213
0.202143790598	0.0992155428525	0.580498866213
0.204367039681	0.0630971908059	0.580498866213
0.133915838849	0.0509187951638	0.580498866213
0.163808797212	0.0492396569448	0.580498866213
0.217895216324	0.0906525191166	0.580498866213
0.196448861418	0.0611800278309	0.580498866213
0.182629771853	0.0808982649539	0.580498866213
0.190179252271	0.0510714008194	0.580498866213
0.1919911461	0.0750267828947	0.580498866213
0.210763082528	0.0663838041546	0.580498866213
0.21811097298	0.0426985154118	0.580498866213
0.312405741707	0.185091276809	0.580498866213
0.295335199671	0.138768100115	0.580498866213
0.173727604037	0.0709904244973	0.580498866213
0.225156775518	0.0970063687716	0.580498866213
0.354050712798	0.200537937479	0.580498866213
0.220049508291	0.0949585559612	0.580498866213
0.260180944543	0.110595821837	0.580498866213
0.262802416943	0.128317296056	0.580498866213
0.261539170716	0.132272658648	0.580498866213
0.221373885543	0.0870414024048	0.580498866213
0.27252030796	0.124051953319	0.580498866213
0.244269035035	0.0817748058115	0.580498866213
0.306161458785	0.143261518433	0.580498866213
0.259261353361	0.107232695905	0.580498866213
0.254246003702	0.116512585577	0.580498866213
0.178970472781	0.052696587948	0.580498866213
0.278526437569	0.0917847205227	0.580498866213
0.238053539905	0.0837087900282	0.580498866213
0.228791444651	0.0819198300091	0.580498866213
0.207570794907	0.0648074776236	0.580498866213
0.293977700417	0.13185257719	0.580498866213
0.204765279987	0.0685980766048	0.580498866213
0.268235188836	0.137106924944	0.580498866213
0.168327905194	0.0437507711129	0.580498866213
0.261898981648	0.0647323587552	0.580498866213
0.185547540185	0.0815925532249	0.580498866213
0.340834650213	0.159173680862	0.580498866213
0.193745731444	0.0671080266083	0.580498866213
0.241778111946	0.0906947811675	0.580498866213
0.234470046083	0.124867769942	0.580498866213
0.246572082128	0.074945297744	0.580498866213
0.28721109166	0.174343001859	0.580498866213
0.225156775518	0.0970063687716	0.580498866213
0.216074094177	0.0772538814439	0.580498866213
0.188331735816	0.0775659046945	0.580498866213
0.234011124468	0.0762006308106	0.580498866213
0.312633384441	0.167150334172	0.580498866213
0.216218274932	0.0742401202618	0.580498866213
0.207570794907	0.0648074776236	0.580498866213
0.234715492779	0.0835831470483	0.580498866213
0.200380823674	0.0845457740983	0.580498866213
0.223093009442	0.0922372540994	0.580498866213
0.247156458688	0.105275262804	0.580498866213
0.247054144606	0.125923964985	0.580498866213
0.262332080463	0.128691015643	0.580498866213
0.273782382318	0.112088059936	0.580498866213
0.186216690441	0.0951678224014	0.580498866213
0.174490959217	0.0500732398375	0.580498866213
0.233464521844	0.0882863711588	0.580498866213
0.2034712182	0.0990548663233	0.580498866213
0.290339735776	0.116111325519	0.580498866213
0.269610582235	0.153668960401	0.734693877551
0.203011552193	0.076061014615	0.734693877551
0.249205172463	0.106161896153	0.734693877551
0.182936018781	0.0772405586289	0.734693877551
0.167278373695	0.0709485025024	0.734693877551
0.249193352874	0.135902850766	0.734693877551
0.195684889477	0.0684978782988	0.734693877551
0.238848443218	0.123468931073	0.734693877551
0.212220526869	0.0994939717525	0.734693877551
0.158872820339	0.0981894742927	0.734693877551
0.204707129631	0.0882592627538	0.734693877551
0.255160742464	0.118626292145	0.734693877551
0.198352875183	0.0737046251414	0.734693877551
0.216566811223	0.0853027424723	0.734693877551
0.213308014132	0.086329195723	0.734693877551
0.266088967266	0.123617838017	0.734693877551
0.255768974235	0.10748077286	0.734693877551
0.258866102321	0.110953597352	0.734693877551
0.166721276703	0.0561000126985	0.734693877551
0.207816767239	0.0456140848059	0.734693877551
0.269840910372	0.118269619143	0.734693877551
0.219589411021	0.0991970608874	0.734693877551
0.231355691237	0.102787707017	0.734693877551
0.220222674929	0.0883192708105	0.734693877551
0.259764891352	0.11236925406	0.734693877551
0.222668125868	0.0949264209489	0.734693877551
0.203035489625	0.078298417397	0.734693877551
0.187849324147	0.0665189060366	0.734693877551
0.205141700145	0.0776669488277	0.734693877551
0.166844077679	0.0482873650149	0.734693877551
0.238467893156	0.120748217148	0.734693877551
0.244178264213	0.0850410095756	0.734693877551
0.262163512102	0.191394220286	0.734693877551
0.264400959101	0.169970510427	0.734693877551
0.22979857668	0.084936883868	0.734693877551
0.20226346047	0.0668132085748	0.734693877551
0.299144645569	0.166402563679	0.734693877551
0.200213734368	0.0671286610343	0.734693877551
0.175002607539	0.0606653453287	0.734693877551
0.310591087055	0.177961466678	0.734693877551
0.300030156208	0.157170483857	0.734693877551
0.251220406274	0.125841613214	0.734693877551
0.204026358767	0.0854936476473	0.734693877551
0.255239210006	0.132297010008	0.734693877551
0.230825809579	0.0967194721405	0.734693877551
0.274096829555	0.133044259658	0.734693877551
0.255606691959	0.128707123252	0.734693877551
0.264027808803	0.107935346803	0.734693877551
0.248451137697	0.120240120241	0.734693877551
0.224203442737	0.0646835737808	0.734693877551
0.264899218248	0.146472796478	0.734693877551
0.313351174399	0.166851986431	0.734693877551
0.134920009023	0.0262075064944	0.734693877551
0.254217030977	0.113525611094	0.734693877551
0.328637599208	0.151009217266	0.734693877551
0.248514733756	0.132867413293	0.734693877551
0.268662429211	0.0984005005426	0.734693877551
0.313166452971	0.162329934555	0.734693877551
0.246650630016	0.1531876139	0.734693877551
0.257358315649	0.107898624638	0.734693877551
0.272917212451	0.1522262087	0.734693877551
0.315431458522	0.18119598656	0.734693877551
0.293028317473	0.170660157995	0.734693877551
0.305916856516	0.180497450858	0.734693877551
0.445608977841	0.229653895837	0.734693877551
0.32031058811	0.168654235218	0.734693877551
0.286401145399	0.154548629346	0.734693877551
0.343277032413	0.181467929051	0.734693877551
0.247210509286	0.0931167821258	0.734693877551
0.273634070896	0.103719447796	0.734693877551
0.296321578178	0.153934423732	0.734693877551
0.281636312394	0.142756045955	0.734693877551
0.276278892026	0.147129075124	0.734693877551
0.244329502109	0.103431061968	0.734693877551
0.236926959148	0.0877985263971	0.734693877551
0.192529547587	0.0673100793827	0.734693877551
0.284243226763	0.208473238236	0.734693877551
0.234746746786	0.108987757659	0.734693877551
0.282826636331	0.121578426268	0.734693877551
0.302180431225	0.124099025463	0.734693877551
0.208158137985	0.0543591427159	0.734693877551
0.184973248593	0.0899232272573	0.734693877551
0.229602569579	0.0918315463602	0.734693877551
0.285723078803	0.146027307268	0.734693877551
0.29758190311	0.167041853829	0.734693877551
0.256163725422	0.132489730178	0.734693877551
0.32660768164	0.183426518884	0.734693877551
0.272189282099	0.117469339955	0.734693877551
0.223072286264	0.115380442984	0.734693877551
0.305166994542	0.167558842	0.734693877551
0.204052185254	0.0888946252914	0.734693877551
0.260565157373	0.12056891647	0.734693877551
0.227288188277	0.0918928137188	0.734693877551
0.311393075012	0.159069049283	0.734693877551
0.316437089706	0.216605746818	0.734693877551
0.362225162812	0.214271253159	0.734693877551
0.291514499506	0.143127252302	0.734693877551
0.207741548595	0.0780521394222	0.734693877551
0.314209683635	0.15734329421	0.734693877551
0.249055792616	0.0953107441759	0.734693877551
0.268629341032	0.139964367857	0.734693877551
0.347213486669	0.186814520312	0.734693877551
0.232497400771	0.0945978560135	0.734693877551
0.248188959485	0.13797288936	0.734693877551
0.25811443273	0.11728411642	0.734693877551
0.268546135657	0.130148406875	0.734693877551
0.332411945051	0.216982740687	0.734693877551
0.275107639202	0.131352243879	0.734693877551
0.258111746407	0.134653963113	0.734693877551
0.243099751352	0.112409354248	0.734693877551
0.256159605335	0.1179150821	0.734693877551
0.287907075539	0.155835138548	0.734693877551
0.280619913077	0.13913005602	0.734693877551
0.311420539759	0.152173833611	0.734693877551
0.209830433772	0.0786133778005	0.734693877551
0.254176113978	0.097078350112	0.734693877551
0.278996666646	0.134314759791	0.734693877551
0.256800416473	0.12123455209	0.734693877551
0.233437332397	0.0703666944338	nan
0.270013791846	0.116172384949	nan
0.171349932654	0.0518998987434	nan
0.142609496381	0.0472797963909	nan
0.192627261872	0.11911965632	nan
0.220956982526	0.116823662186	nan
0.234755439474	0.110795539033	nan
0.316559581736	0.179005691808	nan
0.118751538366	0.013997318471	nan
0.151221651182	0.0411396801184	nan
0.147087851563	0.0366811558909	nan
0.27302846268	0.131684696807	nan
0.254866725547	0.0966059171158	nan
0.255680797248	0.121942942164	nan
0.21796640456	0.0922594308763	nan
0.271221609763	0.125465577774	nan
0.292841759581	0.170921967191	nan
0.197499146903	0.0847394850836	nan
0.269205966783	0.136158004461	nan
0.267973788895	0.164191988476	nan
0.156578957779	0.0329768779107	nan
0.303536758594	0.122895380513	nan
0.209256763194	0.0847867398308	nan
0.205041075005	0.0580072395054	nan
0.269921680149	0.121725609512	nan
0.292397957363	0.144688521735	nan
0.169251494616	0.0664377832828	nan
0.120036728887	0.0433927953283	nan
0.271535389751	0.153129499391	nan
0.256343530204	0.110851340168	nan
0.243819455874	0.100130181929	nan
0.270170134674	0.0963201535308	nan
0.257458945849	0.117167697702	nan
0.263398287128	0.106472808455	nan
0.282825127462	0.156269456006	nan
0.200942287433	0.0823085940403	nan
0.221037927248	0.105965301384	nan
0.189037579366	0.0487035840152	nan
0.223632497675	0.086399969389	nan
0.245699857764	0.133036138688	nan
0.27245076938	0.132377716935	nan
0.163310883938	0.074000282672	nan
0.183996122519	0.061003805678	nan
0.226119443017	0.0899583212595	nan
0.273328541497	0.133614449514	nan
0.135556160415	0.0331831375786	nan
0.215866959409	0.0817194513777	nan
0.25482315119	0.10185276545	nan
0.226628983137	0.0851240803125	nan
0.233091926447	0.0850960529596	nan
0.154159086297	0.0393827960139	nan
0.221523861476	0.158422302234	nan
0.315576050287	0.149238842386	nan
0.20167843002	0.135708831741	nan
0.219918588005	0.0976518835203	nan
0.268466037228	0.141563182572	nan
0.177285029495	0.0699447318369	nan
0.233899714963	0.101131636818	nan
0.282339196128	0.130088575857	nan
0.181269440507	0.0775169214472	nan
0.161445695324	0.0440186872818	nan
0.203424821626	0.085076930453	nan
0.275829055735	0.0779858849074	nan
0.223352998981	0.134578749882	nan
0.235154193624	0.107620755174	nan
0.282607303973	0.102049849719	nan
0.186018153419	0.0729116863949	nan
0.152395463615	0.0518194460494	nan
0.221598269576	0.0820167240298	nan
0.199502107951	0.0770005460078	nan
0.258192831795	0.125821820696	nan
0.253403940983	0.0989166570648	nan
0.257048006012	0.111459282139	nan
0.243692559388	0.140072409279	nan
0.181554232173	0.0567046709938	nan
0.212937975285	0.06032609876	nan
0.201021877847	0.0870317288125	nan
0.21017124236	0.0666383371106	nan
0.196805341652	0.0780743855579	nan
0.182894759717	0.0725540173129	nan
0.233615718217	0.11087460296	nan
0.28586303619	0.107468447506	nan
0.161102703887	0.043021129409	nan
0.238856791946	0.144714484272	nan
0.274714629549	0.154260100899	nan
0.157989514227	0.0672293341482	nan
0.227409822337	0.106816667711	nan
0.268668089857	0.124387583206	nan
0.23414211721	0.103896929612	nan
0.22713809206	0.08889535778	nan
0.149155418588	0.039812362722	nan
0.195209491375	0.0592758735456	nan
0.178705610951	0.0612137636237	nan
0.283247779947	0.13087962099	nan
0.195479618941	0.0830127014817	nan
0.243625381798	0.0966807081134	nan
0.205253167015	0.0530647183848	nan
0.221652217636	0.0732294560804	nan
0.189960446659	0.0691801004011	nan
0.0701736107489	0.00664422619547	nan
0.290076527005	0.19061174566	nan
0.176099818754	0.0692452875226	nan
0.192073669361	0.0661204432897	nan
0.398951034531	0.278480209872	nan
0.239714610076	0.145496578232	nan
0.23890373271	0.114855580738	nan
0.270183711517	0.155234927843	nan
0.285063996281	0.114836074049	nan
0.145171128138	0.0392309212493	nan
0.203173875071	0.0793513203449	nan
0.275771786187	0.144030887646	nan
0.186557695229	0.121701576484	nan
0.293021322029	0.133990202513	nan
0.21469761541	0.0968456686827	nan
0.20769321299	0.0823889480076	nan
0.317181970153	0.17705678637	nan
0.237978543988	0.0852109635961	nan
0.215356826902	0.0996618311042	nan
0.297924117205	0.121703451669	nan
0.110393124356	0.0253569695114	nan
0.238224314617	0.0834576617896	nan
0.211642065962	0.0581224371419	nan
0.291702267631	0.119155018627	nan
0.205164626529	0.0902663571581	nan
0.256362357305	0.143592027178	nan
0.395259981605	0.213748989662	nan
0.287049077839	0.142406612964	nan
0.325391451423	0.139842634857	nan
0.274683616966	0.136822789749	nan
0.251266781492	0.120866983883	nan
0.358723681962	0.223214291243	nan
0.267595022215	0.107580448284	nan
0.175770087349	0.0677264258482	nan
0.270953166656	0.109276015315	nan
0.190034833843	0.114945015389	nan
0.212656821668	0.0849220442589	nan
0.261420807316	0.160237412362	nan
0.226647525041	0.0993869013171	nan
0.389468260071	0.145906442908	nan
0.187257468751	0.0661879392879	nan
0.343119796702	0.198854928367	nan
0.226811379834	0.105168885763	nan
0.177464492126	0.0562040105598	nan
0.318668332799	0.161553705736	nan
0.300576850189	0.16941519569	nan
0.352297717756	0.211993104241	nan
0.245308701334	0.143656997532	nan
0.188580466607	0.0723436242014	nan
0.216789732426	0.0856257415713	nan
0.304242435412	0.136491846311	nan
0.321744274849	0.174296702887	nan
0.291883106257	0.150132167719	nan
0.287598823484	0.13916271448	nan
0.210644512229	0.097424161378	nan
0.196583345248	0.0644598482003	nan
0.304937632295	0.13829542746	nan
0.221416638825	0.0704994851439	nan
0.259951535405	0.127824035457	nan
0.303793148615	0.160770811047	nan
0.318446814868	0.163565545988	nan
0.297433923207	0.139715757659	nan
0.241407569851	0.110738006279	nan
0.226654236811	0.104072725169	nan
0.140952616997	0.0460127911826	nan
0.336040628299	0.141950397492	nan
0.302256763335	0.146641790484	nan
0.272061344139	0.121235817764	nan
0.245401832071	0.132457380311	nan
0.144777585689	0.0499911030927	nan
0.296989885111	0.135423131855	nan
0.125576556654	0.0648956086801	nan
0.191750356819	0.120381905064	nan
0.269938960605	0.151737421561	nan
0.31937181337	0.177944312543	nan
0.376944984989	0.20672220434	nan
0.353191739734	0.184421558038	nan
0.196271142892	0.0445298076421	nan
0.201307687181	0.100045202742	nan
0.306541234526	0.159782311045	nan
0.220428287982	0.142797703833	nan
0.263392904281	0.14709454479	nan
0.0906394576889	0.0535783989111	0.0330578512397
0.152994156594	0.0961661978599	0.0330578512397
0.141836682061	0.131330104847	0.0330578512397
0.0930681537624	0.0536597213114	0.0330578512397
0.127871496157	0.0827833238706	0.0330578512397
0.139494757616	0.101382335621	0.0330578512397
0.165559256807	0.166888445442	0.0330578512397
0.14491638894	0.139041992641	0.0330578512397
0.155450533558	0.138534381165	0.0330578512397
0.144770844251	0.127232685707	0.0330578512397
0.110226528401	0.071996186679	0.0330578512397
0.0684289038045	0.0237953627755	0.0330578512397
0.113436021042	0.0705928563628	0.0330578512397
0.166622918115	0.124447551045	0.0330578512397
0.158245657716	0.117390473452	0.0330578512397
0.133953205649	0.103231165417	0.0330578512397
0.110117876774	0.10991404898	0.0330578512397
0.0733681757025	0.0437913536668	0.0330578512397
0.183586181405	0.254766624139	0.0330578512397
0.118781597257	0.0789869433893	0.0330578512397
0.16170339251	0.13427949479	0.0330578512397
0.100475902466	0.0744936096039	0.0330578512397
0.13016950068	0.139595025635	0.0330578512397
0.152667043392	0.11422062855	0.0330578512397
0.119646719894	0.0956744878815	0.0330578512397
0.137394326645	0.110596571126	0.0330578512397
0.117821134984	0.0914550854581	0.0330578512397
0.0863695752759	0.0476840312874	0.0330578512397
0.14233728648	0.0847567240708	0.0330578512397
0.0968618293343	0.0597687248437	0.0330578512397
0.119903246706	0.140341575555	0.0330578512397
0.13281583423	0.130273371516	0.0330578512397
0.0979828483663	0.046625654334	0.0330578512397
0.140033055049	0.120735053914	0.0330578512397
0.104048736883	0.0593303776238	0.0330578512397
0.153019543983	0.118079941272	0.0330578512397
0.139145094656	0.0775372712516	0.0330578512397
0.0724223894976	0.0263250995038	0.0330578512397
0.147097708891	0.113952309063	0.0330578512397
0.0665912533047	0.0301272809529	0.0330578512397
0.050823050518	0.0211056911209	0.0330578512397
0.148310333838	0.152910555669	0.0330578512397
0.0752930351467	0.0334350149038	0.0330578512397
0.118712234353	0.0793618807279	0.0330578512397
0.142654307646	0.107004247786	0.0330578512397
0.114740340455	0.0777323186002	0.0330578512397
0.129643455929	0.0890604774498	0.0330578512397
0.161186272438	0.158483897967	0.0330578512397
0.100414511764	0.0615528877169	0.0330578512397
0.12297869387	0.0993200373357	0.0330578512397
0.147079518245	0.127116538198	0.0330578512397
0.19136633424	0.141040677086	0.0330578512397
0.129644770674	0.0914930065391	0.0330578512397
0.137627588567	0.0792731347131	0.0330578512397
0.169071781272	0.126903172576	0.0330578512397
0.127736968527	0.0933587540443	0.0330578512397
0.167917882402	0.0927530114451	0.0330578512397
0.13934785816	0.0731053732338	0.0330578512397
0.1486603235	0.111697698139	0.0330578512397
0.104429587026	0.0666267358113	0.0330578512397
0.171724099876	0.109057111972	0.0330578512397
0.142068098904	0.0345340722519	0.0330578512397
0.174525545533	0.0875934409966	0.0330578512397
0.110371653956	0.110689830837	0.0330578512397
0.161619736872	0.101238566972	0.0330578512397
0.11980013157	0.116427958283	0.0330578512397
0.150404761561	0.134253238535	0.0330578512397
0.153020333885	0.105712635107	0.0330578512397
0.25297623829	0.112536013382	0.404958677686
0.228502328537	0.1009461648	0.404958677686
0.278767243896	0.07929295789	0.404958677686
0.216974540023	0.114899881553	0.404958677686
0.250513870883	0.11093219815	0.404958677686
0.276594679824	0.129583964291	0.404958677686
0.143850651407	0.0276888098611	0.404958677686
0.269092229864	0.11076893327	0.404958677686
0.185486230759	0.0622870796446	0.404958677686
0.184094452149	0.0633883437288	0.404958677686
0.233128703651	0.12578428109	0.404958677686
0.305450150683	0.145511897113	0.404958677686
0.201329374978	0.0532010574741	0.404958677686
0.265255154854	0.0904967663166	0.404958677686
0.172263449685	0.0629202099243	0.404958677686
0.187317531491	0.0849975000487	0.404958677686
0.262869533465	0.115863225947	0.404958677686
0.195962544094	0.0738822933603	0.404958677686
0.245253811534	0.104268569358	0.404958677686
0.293498845255	0.155370135136	0.404958677686
0.241762709148	0.0901693057157	0.404958677686
0.104190754808	0.0275752916852	0.404958677686
0.260945611527	0.131982574506	0.404958677686
0.217539445864	0.085961695847	0.404958677686
0.22425080267	0.0853855796719	0.404958677686
0.124298303947	0.0230114768166	0.404958677686
0.220929569812	0.0691077697714	0.404958677686
0.156366294426	0.0481250171007	0.404958677686
0.166474347912	0.0674507174178	0.404958677686
0.242827012016	0.107519823993	0.404958677686
0.23041856389	0.0942005535787	0.404958677686
0.204254306715	0.102771800031	0.404958677686
0.238362255986	0.113104582128	0.404958677686
0.235752188279	0.0799629549984	0.404958677686
0.175521860091	0.0444510707051	0.404958677686
0.225753912544	0.0896334141813	0.404958677686
0.23877172888	0.0895090645397	0.404958677686
0.26503476423	0.137125004846	0.404958677686
0.246972306521	0.114850299501	0.404958677686
0.254241719881	0.105689899919	0.404958677686
0.190969046243	0.0650501240521	0.404958677686
0.247453759933	0.126904399655	0.404958677686
0.198631448237	0.0742754309154	0.404958677686
0.221224375723	0.0856339918505	0.404958677686
0.219050173351	0.0842377489838	0.404958677686
0.230306732769	0.117529709027	0.404958677686
0.143181183454	0.0319118195027	0.404958677686
0.209392597603	0.0731725385033	0.404958677686
0.249844973868	0.11010131881	0.404958677686
0.26411751043	0.127453697363	0.404958677686
0.260245976387	0.137029657228	0.404958677686
0.230188126901	0.081955312184	0.404958677686
0.173788603207	0.0579528732831	0.404958677686
0.276585102979	0.131842338194	0.404958677686
0.265556552021	0.128350465595	0.404958677686
0.242902492234	0.0972370713578	0.404958677686
0.262721005102	0.124453084905	0.404958677686
0.163960252361	0.047791911179	0.404958677686
0.0767823001623	0.00986481618772	0.404958677686
0.293031150361	0.162036895098	0.404958677686
0.185892827063	0.0777862335295	0.404958677686
0.258421227657	0.129729300405	0.404958677686
0.278365853034	0.165179356281	0.404958677686
0.241595265809	0.102611279667	0.404958677686
0.215606861739	0.0942841793495	0.404958677686
0.182834574334	0.0816207573085	0.404958677686
0.211320098879	0.0929413571853	0.404958677686
0.202625675185	0.0834471557756	0.404958677686
0.229184424064	0.108130788604	0.404958677686
0.226729834221	0.107851523044	0.404958677686
0.215316686782	0.07974295754	0.404958677686
0.226304726568	0.0957018241726	0.404958677686
0.267788030082	0.136410007391	0.404958677686
0.239137408278	0.0921537131181	0.404958677686
0.301936555376	0.174887977264	0.404958677686
0.159822989879	0.0592878655618	0.404958677686
0.150924586262	0.0427606551713	0.404958677686
0.243865277538	0.122766154447	0.404958677686
0.229455322931	0.0877202351059	0.404958677686
0.206058615707	0.0795357896491	0.404958677686
0.136852579462	0.0312435186058	0.404958677686
0.240587906053	0.121438138573	0.404958677686
0.22975986469	0.107617992579	0.404958677686
0.257559638916	0.135048315996	0.404958677686
0.236139795879	0.116760226255	0.404958677686
0.192050865351	0.0702830588076	0.404958677686
0.201869442515	0.0759715328998	0.404958677686
0.24210320175	0.0980730137303	0.404958677686
0.26566262572	0.136532346691	0.404958677686
0.237397048345	0.136232646469	0.404958677686
0.242769484714	0.110495077805	0.404958677686
0.232968768805	0.0664870741617	0.404958677686
0.25324236273	0.122314467064	0.404958677686
0.214038129297	0.0741566221678	0.404958677686
0.271033980443	0.129414188689	0.404958677686
0.290181794051	0.155969239331	0.404958677686
0.166169698111	0.0501824476649	0.404958677686
0.256974653471	0.116203009024	0.404958677686
0.225256974197	0.0849796290098	0.404958677686
0.33250295728	0.164916652177	0.404958677686
0.249927281613	0.124652479096	0.404958677686
0.251180182856	0.132490546702	0.404958677686
0.235315178237	0.114009045527	0.404958677686
0.209001915499	0.0807545259314	0.404958677686
0.180200514035	0.0589233310326	0.404958677686
0.202500447673	0.0780855628516	0.404958677686
0.257194352381	0.118816978771	0.404958677686
0.223013069701	0.0807402565638	0.404958677686
0.278874515067	0.12076182397	0.404958677686
0.257850363965	0.131937266608	0.404958677686
0.253425074879	0.115919465867	0.404958677686
0.321464678412	0.165067703237	0.404958677686
0.208717822045	0.0809996753257	0.404958677686
0.348164951548	0.185437496075	0.404958677686
0.121233253496	0.0267059667074	0.404958677686
0.211751604163	0.129896516909	0.404958677686
0.176999671933	0.0358074358024	0.404958677686
0.19157633615	0.0536875534475	0.404958677686
0.101880455169	0.026823357803	0.404958677686
0.233026186121	0.0890878923733	0.404958677686
0.239062065746	0.0916356248332	0.404958677686
0.271126496577	0.137924139871	0.404958677686
0.267694376367	0.127517944338	0.404958677686
0.304869728385	0.189783302712	0.404958677686
0.222524455713	0.111478649428	0.404958677686
0.349583007248	0.199429936099	0.404958677686
0.261749202056	0.123473280987	0.404958677686
0.244599089093	0.127393719081	0.404958677686
0.215326001239	0.100163252514	0.404958677686
0.355026837076	0.244554165506	0.404958677686
0.317535332659	0.15991521935	0.404958677686
0.335537387729	0.206839900566	0.404958677686
0.285245408535	0.167716002293	0.404958677686
0.249527450502	0.115565555341	0.404958677686
0.354106012211	0.194427398295	0.404958677686
0.253715460393	0.112769971265	0.404958677686
0.275182261548	0.141237492113	0.404958677686
0.27993220882	0.120628592265	0.404958677686
0.248984786122	0.118114872715	0.404958677686
0.260007549804	0.111283867866	0.404958677686
0.201871157837	0.0907241470113	0.404958677686
0.372180041708	0.240726103562	0.404958677686
0.208249241127	0.113505169327	0.404958677686
0.362669364387	0.193978448471	0.404958677686
0.232605660395	0.103727868617	0.404958677686
0.27601278464	0.129663524204	0.404958677686
0.287267253032	0.116207214904	0.404958677686
0.384546186046	0.239847809427	0.404958677686
0.184037612301	0.0707858479428	0.404958677686
0.351483215917	0.171322537089	0.404958677686
0.244817434994	0.11034895722	0.404958677686
0.235736464014	0.0964010696971	0.404958677686
0.205144761426	0.0701433119456	0.404958677686
0.205675623791	0.0728219365657	0.404958677686
0.233241967998	0.0987402235209	0.404958677686
0.229683731356	0.0843505223137	0.404958677686
0.219325046429	0.100380229984	0.404958677686
0.268250839231	0.109663264013	0.404958677686
0.169362232474	0.0572420108715	0.404958677686
0.507322370865	0.298789406901	0.404958677686
0.198158113349	0.0687469946936	0.404958677686
0.311022056871	0.152279753225	0.404958677686
0.163933633946	0.0579157246338	0.404958677686
0.232170195078	0.117399487163	0.404958677686
0.175281669512	0.0468183417347	0.404958677686
0.264790093069	0.113728891928	0.404958677686
0.155846559348	0.0357992223168	0.404958677686
0.228533505835	0.0839061103023	0.404958677686
0.254046197004	0.128257358236	0.404958677686
0.211729424478	0.0918424734856	0.404958677686
0.235736464014	0.0964010696971	0.404958677686
0.284005905966	0.124455102032	0.404958677686
0.278103383404	0.13403905789	0.404958677686
0.242357448071	0.108754054133	0.404958677686
0.296918120689	0.135498268388	0.404958677686
0.286608508146	0.153666355098	0.404958677686
0.257292158899	0.108720873072	0.404958677686
0.231004954206	0.124846008882	0.404958677686
0.194678321994	0.0643142657038	0.404958677686
0.343847131698	0.191589675806	0.404958677686
0.266300099575	0.129340580634	0.404958677686
0.134277711084	0.0342771751278	nan
0.159172465668	0.0947414346759	nan
0.191932259263	0.122131132013	nan
0.113603994099	0.0668169414203	nan
0.132931359265	0.0502947150011	nan
0.173492660404	0.131166296122	nan
0.118508153038	0.108408117962	nan
0.0813447434277	0.0687094170576	nan
0.175454059829	0.0811596664895	nan
0.18095120602	0.159584721184	nan
0.10527173913	0.0120690313925	nan
0.134356689224	0.0803415852906	nan
0.141713251984	0.0706563985857	nan
0.127625171424	0.0587646961767	nan
0.133259038135	0.0578712525849	nan
0.104505310662	0.0637064007476	nan
0.127225248207	0.0857813512989	nan
0.120705480083	0.08062052777	nan
0.103575680272	0.0120693454897	nan
0.123320705745	0.0678361619488	nan
0.134182927304	0.0771958815784	nan
0.100473123086	0.0610196093981	nan
0.111357404312	0.0726209031434	nan
0.109018610976	0.0649633952691	nan
0.159255645038	0.116066505482	nan
0.172286812819	0.126174931895	nan
0.119666055969	0.042865219158	nan
0.229467439673	0.155930110458	nan
0.187797838011	0.139398588375	nan
0.109628743485	0.0694717983152	nan
0.14857013966	0.0893867615368	nan
0.146487901472	0.113976961197	nan
0.138459596307	0.080709442142	nan
0.159334662883	0.122474780398	nan
0.193216107272	0.111820700247	nan
0.143948778399	0.0890622217833	nan
0.0829164877636	0.0433300626577	nan
0.148302747838	0.106254114797	nan
0.127017841162	0.0556989872285	nan
0.107655285683	0.0663636025183	nan
0.135197321456	0.0673736075297	nan
0.200218302633	0.214432073663	nan
0.118724900001	0.0425574270011	nan
0.13530568427	0.088230794809	nan
0.130444909774	0.0711461461623	nan
0.110964061922	0.0466020920591	nan
0.174758172991	0.129424029824	nan
0.121415900173	0.0701653122259	nan
0.0938652533255	0.0354143893494	nan
0.116879449637	0.0654642611778	nan
0.0989266474382	0.0832095231863	nan
0.0950193212436	0.0775912782487	nan
0.110148859227	0.0800978460982	nan
0.0757041943011	0.0317671142921	nan
0.218585858586	0.0404453792282	nan
0.153502860464	0.112881814645	nan
0.190393546884	0.126627627107	nan
0.100075207951	0.0867835656602	nan
0.178512061057	0.151628138655	nan
0.16766226415	0.1414627448	nan
0.133368912621	0.12507643768	nan
0.120927426276	0.108021816244	nan
0.186168601657	0.129766242194	nan
0.181321447936	0.0845923585355	nan
0.141483000781	0.0813721597386	nan
0.167185083495	0.193653593301	nan
0.228121435235	0.18054284584	nan
0.166352409299	0.0875168991472	nan
0.19087853045	0.126388269011	nan
0.132352681592	0.085580711125	nan
0.129304012087	0.118088674984	nan
0.195515327278	0.250000597904	nan
0.19517891867	0.166838663484	nan
0.197279451681	0.123683221379	nan
0.133281190906	0.087000438975	nan
0.146190293715	0.0680040711504	nan
0.13489285672	0.110970675889	nan
0.107859477124	0.0433047964949	nan
0.19924003907	0.158532229975	nan
0.160352882817	0.128581272079	nan
0.11288780989	0.0711854944089	nan
0.144445878687	0.0656389890858	nan
0.172921082734	0.0990903071709	nan
0.127969612587	0.123585105237	nan
0.157968942643	0.0944019604214	nan
0.0588759056571	0.0143553854109	nan
0.157345849271	0.148397919955	nan
0.159332890801	0.0806491339444	nan
0.173787944791	0.0845862621198	nan
0.166303107302	0.128294692019	nan
0.114172756805	0.0507159880901	nan
0.115590964042	0.0884918108982	nan
0.119535036398	0.0779027119428	nan
0.121905377037	0.0753450979815	nan
0.191163089928	0.133529285254	nan
0.141152846318	0.0760743506081	nan
0.147376273934	0.0835974289499	nan
0.119178010189	0.0757804081805	nan
0.101575034572	0.139702927468	nan
0.198513416822	0.145819569292	nan
0.137377402023	0.0701095601663	nan
0.0689941503607	0.0286156799516	nan
0.139515131435	0.107863764982	nan
0.147089320537	0.0936622552457	nan
0.173176497655	0.116544463906	nan
0.116131032838	0.0841353043525	nan
0.14274599526	0.13004003824	nan
0.133903428426	0.0824528905157	nan
0.179667237675	0.134137279131	nan
0.116613306923	0.064564620012	nan
0.135326918126	0.0567592873612	nan
0.2168029706	0.132062691818	nan
0.0408231200953	0.00642248294685	nan
0.13931934873	0.0710210974019	nan
0.14018759183	0.0979740579716	nan
0.133741080818	0.109225860456	nan
0.1440381172	0.0831453110917	nan
0.144616517518	0.102647944661	nan
0.157478194661	0.115397157468	nan
0.120759987858	0.0520111836157	nan
0.212964042359	0.204267806196	nan
0.125332593102	0.097852718843	nan
0.130106427329	0.100450333269	nan
0.154235988647	0.104555387628	nan
0.153373569581	0.086958584841	nan
0.126577336462	0.0594039255985	nan
0.0951013946476	0.0530569668205	nan
0.153699839125	0.130327939636	nan
0.187677384365	0.118617936986	nan
0.13272867794	0.105520548185	nan
0.153478631793	0.0795487786833	nan
0.171225565944	0.103550401987	nan
0.147089659255	0.0930150720521	nan
0.173164520857	0.136495805199	nan
0.121844941863	0.0652064278692	nan
0.0913764028631	0.0501695640893	nan
0.146888040727	0.109958504627	nan
0.114234435169	0.0732062788371	nan
0.196504264666	0.0925594677136	nan
0.168941568646	0.150068324362	nan
0.158262191269	0.140630628187	nan
0.138744486089	0.100082389346	nan
0.10627637914	0.0482000255553	nan
0.0423058698587	0.00844008419668	nan
0.118553832798	0.0725903411372	nan
0.173773257709	0.115633837109	nan
0.171041531349	0.134566859683	nan
0.152004725592	0.113682005947	nan
0.154235788278	0.126293720877	nan
0.137314178681	0.103330003471	nan
0.151652531936	0.125706416148	nan
0.139669402401	0.0653126142878	nan
0.147089659255	0.0930150720521	nan
0.16973087932	0.118897274701	nan
0.088465354909	0.04146745524	nan
0.186572709221	0.230162134974	nan
0.176969422967	0.0788613717679	nan
0.117027179199	0.0946467669428	nan
0.176314893788	0.116059349144	nan
0.148579990069	0.0962008849403	nan
0.167133343151	0.149101733396	nan
0.114445818126	0.0901163341848	nan
0.154834542051	0.0883022597646	nan
0.192642123805	0.107392480786	nan
0.170318762516	0.0850381423373	nan
0.155560144008	0.102696474022	nan
0.155084388145	0.0945777564354	nan
0.152782237458	0.108004769381	nan
0.124163714222	0.136239138594	nan
0.0605205880903	0.0202779943976	nan
0.171467665736	0.136916365429	nan
0.128891314175	0.0940488250681	nan
0.131429925605	0.0727711041201	nan
0.195438336514	0.215802725385	nan
0.167370403997	0.107941344511	nan
0.189856264093	0.157561358405	nan
0.141993444408	0.0931755707629	nan
0.278698633416	0.211914490456	nan
0.301000213198	0.163963603832	nan
0.139201720212	0.0783888480808	nan
0.199890560194	0.106387498212	nan
0.164342390142	0.0896492923367	nan
0.22116435192	0.163332012118	nan
0.168132427873	0.122561232853	nan
0.130664171441	0.065849104408	nan
0.172538126308	0.108514592706	nan
0.18266735991	0.113723720019	nan
0.157111714451	0.104552664682	nan
0.184379973494	0.165959192686	nan
0.195639014925	0.119868034217	nan
0.207681014621	0.121649690537	nan
0.198943017641	0.14389888252	nan
0.18181134503	0.112058343578	nan
0.225518856384	0.127066289372	nan
0.14888587213	0.063563693992	nan
0.19880341301	0.145060143554	nan
0.285609873564	0.197121449105	nan
0.216015650937	0.153663929029	nan
0.166499180159	0.161742648442	nan
0.19013152706	0.121557639161	nan
0.147684127174	0.0856510203639	nan
0.220020179458	0.146578685317	nan
0.214288002425	0.116316864186	nan
0.218067063128	0.135643192311	nan
0.193830606401	0.104842973646	nan
0.151647713209	0.0866823221799	nan
0.186579999736	0.118811300131	nan
0.223400183256	0.112645048679	nan
0.201018031089	0.110468345348	nan
0.206382970863	0.154639872606	nan
0.19665673816	0.131471051166	nan
0.206640508267	0.14058305424	nan
0.169263704113	0.125199108059	nan
0.248317765651	0.207656249302	nan
0.19790258506	0.167299009574	nan
0.201950713222	0.15068830852	nan
0.174853644264	0.118904416318	nan
0.244190884773	0.149106784495	nan
0.182437226461	0.109717962815	nan
0.13175196756	0.0795284450364	nan
0.226408250377	0.115351312253	nan
0.22459099824	0.167602073699	nan
0.234686260396	0.143088835022	nan
0.186764471416	0.133557582775	nan
0.190648997961	0.112066954559	nan
0.121362705159	0.08185635906	nan
0.238688429169	0.117316784309	nan
0.14367659852	0.0936622459851	nan
0.194764681107	0.156428052597	nan
0.188093248138	0.126107904625	nan
0.212961984317	0.156353331314	nan
0.214313360632	0.15599229842	nan
0.188457597042	0.0890035003008	nan
0.218705320085	0.174646287793	nan
0.243830106864	0.192618090209	nan
0.191699138153	0.110192688679	nan
0.178154051898	0.144393192854	nan
0.218592955414	0.154846607698	nan
0.160541393115	0.0978553189157	nan
0.166237014222	0.122935787311	nan
0.206350021859	0.175571521365	nan
0.158309386106	0.0438779281291	nan
0.130063860766	0.0398458926343	nan
0.146949865007	0.0821887409548	nan
0.114341943328	0.0480635660934	nan
0.199773990622	0.137858000768	nan
0.195845523066	0.12681261265	nan
0.208123672728	0.115767638461	nan
0.241212193509	0.148840789257	nan
0.155803772617	0.0766485144874	nan
0.126471268093	0.0769310365431	nan
0.212089349784	0.130273320838	nan
0.225683540872	0.139018451816	nan
0.147084492381	0.0656923058497	nan
0.220950820207	0.138303473229	nan
0.129107547816	0.0898446247113	nan
0.136857113693	0.0765709543908	nan
0.159383233315	0.103505743432	nan
0.178617904971	0.121627857382	nan
0.159474542953	0.072880813516	nan
0.10469134515	0.075314070427	nan
0.171064114113	0.157627865663	nan
0.0464035122845	0.081833399654	nan
0.102482517318	0.0832747344124	nan
0.0896000124015	0.0982359559904	nan
0.112121923375	0.128421440237	nan
0.117459059893	0.0836789368991	nan
0.0691548794118	0.0860234000005	nan
0.103699997001	0.0873182560455	nan
0.0916507576718	0.141286727804	nan
0.086849931221	0.0792965081932	nan
0.12029539331	0.0992539177646	nan
0.17939218	0.125276749106	nan
0.0583946009107	0.0802728827478	nan
0.067861015294	0.0986149703022	nan
0.0409703674023	0.0834409760327	nan
0.0491852427929	0.0661539019407	nan
0.0536348225119	0.0374707169236	nan
0.129259562864	0.0967848333299	nan
0.103752441062	0.122934179043	nan
0.026580778811	0.0780718245162	nan
0.0508543904329	0.0457342899315	nan
0.114400112629	0.104273204649	nan
0.0827517023881	0.110069702846	nan
0.117291410268	0.147774194298	nan
0.10616527505	0.0982085032195	nan
0.0359264763197	0.0531295282851	nan
0.0512971213671	0.0924050963031	nan
0.0854881971583	0.065745649307	nan
0.0592592574538	0.0430588891708	nan
0.0886172667013	0.122120377958	nan
0.11570641121	0.108535019586	nan
0.071475191365	0.143846879352	nan
0.115658736895	0.16704006774	nan
0.0945603470393	0.060086129076	nan
0.109318494633	0.143865429439	nan
0.0468657791452	0.0295280344878	nan
0.107068812252	0.0963873395474	nan
0.0953103407551	0.0520427356504	nan
0.086511822948	0.104951867846	nan
0.102521411967	0.075176700467	nan
0.0693070974333	0.045468254267	nan
0.114144286225	0.178459206639	nan
0.0964590388958	0.109543826218	nan
0.0624875784593	0.0893223555729	nan
0.0738867869779	0.0624515086503	nan
0.0829264062814	0.0756282471066	nan
0.0950535400792	0.106492528968	nan
0.0971398923416	0.0982965389135	nan
0.0968892940446	0.135148147961	nan
0.0494278735239	0.0542298217382	nan
0.104759297559	0.11993038451	nan
0.0526556606356	0.0259098136391	nan
0.10779392508	0.122486002807	nan
0.126441041063	0.103633886413	nan
0.150362593089	0.0894026111822	nan
0.0925157178011	0.0864025797292	nan
0.0709264398302	0.0542433745894	nan
0.0934574742	0.09599154307	nan
0.116566539191	0.126363940477	nan
0.0663104682262	0.0733666528576	nan
0.0197713029634	0.00338918656274	nan
0.119640951279	0.102829848263	nan
0.0715371425261	0.141188733221	nan
0.0853070979525	0.0767980258314	nan
0.0555714990316	0.0744091295109	nan
0.0947945748869	0.133134300436	nan
0.104350296269	0.101449762961	nan
0.11312814074	0.150515702676	nan
0.103233355024	0.125266430129	nan
0.164636230412	0.128992378768	nan
0.124678081911	0.118644937481	nan
0.0993415869326	0.0552815808784	nan
0.105044834911	0.106028515291	nan
0.129213754719	0.163022542305	nan
0.0610609921512	0.132950801482	nan
0.137948225897	0.0972499163882	nan
0.0812126908454	0.0806521617109	nan
0.0872763161292	0.0632724862808	nan
0.0554593053878	0.109360054712	nan
0.119620328277	0.0716774866445	nan
0.115332502102	0.143404883217	nan
0.0816334101289	0.124907664705	nan
0.133750237631	0.0820922176642	nan
0.0971533283165	0.108662035353	nan
0.102466408492	0.13558747232	nan
0.0663382466588	0.0781625000374	nan
0.116803852454	0.126572390785	nan
0.114875044636	0.135794015285	nan
0.0614579714209	0.0902765709428	nan
0.0907221537851	0.148894923189	nan
0.149495166156	0.146791970184	nan
0.0878699810784	0.124786040916	nan
0.0772851282364	0.105888309185	nan
0.147763918785	0.168341906654	nan
0.144451730891	0.179628836535	nan
0.115531375813	0.125416807439	nan
0.105980646486	0.090290399324	nan
0.160218674172	0.158024354285	nan
0.109352143968	0.101822759575	nan
0.0934081904048	0.117162431013	nan
0.106328468149	0.0901950597722	nan
0.0845372170338	0.143329430048	nan
0.0850216771317	0.117950160651	nan
0.133202027061	0.168398804288	nan
0.143546943308	0.145639859639	nan
0.0883898116188	0.11775882223	nan
0.152230791679	0.172791043676	nan
0.158207024703	0.185727432552	nan
0.0832364873228	0.135762958021	nan
0.138160548619	0.216929151509	nan
0.181571991602	0.14280975779	nan
0.130021152932	0.143553357396	nan
0.176014787945	0.127124006951	nan
0.0916344815302	0.146215003986	nan
0.0859017991214	0.10157468743	nan
0.0650172240602	0.0807249320571	nan
0.0575205890972	0.110062092735	nan
0.192690890685	0.229315439507	nan
0.14653538914	0.123355672126	nan
0.0734029788927	0.114835017896	nan
0.0888893023647	0.0622397351445	nan
0.117863053237	0.100690530658	nan
0.0986983304199	0.0881094416463	nan
0.0970735786579	0.0794918379904	nan
0.126958709128	0.163404071359	nan
0.0975321287995	0.148210462727	nan
0.086323044174	0.12208867719	nan
0.129437064292	0.203061634408	nan
0.167029560685	0.16949988577	nan
0.13444341114	0.154558540385	nan
0.165423999049	0.152321613193	nan
0.160505896998	0.129522755627	nan
0.162258044638	0.148674267846	nan
0.0819044411146	0.0659119445943	nan
0.119595742888	0.0933944083267	nan
0.0567328568703	0.115019936668	nan
0.0546888856128	0.0821226478743	nan
0.081613997933	0.10305405068	nan
0.105673210126	0.106088338257	nan
0.0588307578008	0.087647416634	nan
0.123041628563	0.115506201177	nan
0.0924775791587	0.106615222439	nan
0.0779004874455	0.0793082301888	nan
0.107697980871	0.103845628471	nan
0.200824306971	0.213107781907	nan
0.0860083503219	0.130437713272	nan
0.150475057795	0.114075464645	nan
0.129263354594	0.118985703713	nan
0.14310014759	0.147742731894	nan
0.0925045134261	0.163251908949	nan
0.110990780145	0.128813776905	nan
0.174239140157	0.166526459582	nan
0.107420984572	0.10136695096	nan
0.109955832981	0.173824121442	nan
0.112799075888	0.0606417035888	nan
0.050070096609	0.0741648488037	nan
0.190182677331	0.196787815999	nan
0.0703762986757	0.109047793154	nan
0.149257360069	0.110880514524	nan
0.0983246155726	0.149361863588	nan
0.0818449463137	0.126206047898	nan
0.108134643563	0.123868630911	nan
0.184238508906	0.155152593798	nan
0.162929120005	0.122030582094	nan
0.0903350141549	0.0481296176086	nan
0.13050616234	0.116109722684	nan
0.235871918297	0.180927300767	nan
0.118028781749	0.11795965894	nan
0.189978160981	0.161283813636	nan
0.17724303338	0.0991941291574	nan
0.0649637152174	0.0475872455831	nan
0.0785419837193	0.0716615831118	nan
0.0474929779347	0.0184710563933	nan
0.141711210764	0.192004264232	nan
0.132953313952	0.15346502651	nan
0.0506838607223	0.110307749199	nan
0.069206190192	0.0486326878521	nan
0.138743318227	0.123903502365	nan
0.0817899822289	0.0743303833341	nan
0.0654428562125	0.12646463837	nan
0.112397322295	0.105121333909	nan
0.0885038655448	0.0765609272996	nan
0.0630464965908	0.0508626883137	nan
