0.303627142923	0.248406766364	0.248406766364
0.218435918641	0.0926019673844	0.0926019673844
0.229838767339	0.0839826504431	0.0839826504431
0.0922610056625	0.0126109569998	0.0126109569998
0.192584208408	0.069896655278	0.069896655278
0.238821424718	0.10196444282	0.10196444282
0.211829949129	0.0677132196183	0.0677132196183
0.3053320468	0.153014240897	0.153014240897
0.295084330591	0.173499834573	0.173499834573
0.327187723823	0.18172202753	0.18172202753
0.154887605713	0.115181891604	0.115181891604
0.141460608517	0.0903900137532	0.0903900137532
0.148716024161	0.0927119953025	0.0927119953025
0.182647950301	0.131038039392	0.131038039392
0.115640925818	0.0363557853059	0.0363557853059
0.178846970174	0.100559497725	0.100559497725
0.175217749116	0.121799810352	0.121799810352
0.163250174963	0.115677200545	0.115677200545
0.165631985368	0.100953720644	0.100953720644
0.215511339534	0.10324184683	0.10324184683
0.121807493065	0.103629514808	0.103629514808
0.0993893332171	0.0505695722393	0.0505695722393
0.162680261758	0.0907110942326	0.0907110942326
0.20599061977	0.148503860587	0.148503860587
0.174260768166	0.0978115296903	0.0978115296903
0.172184946716	0.0517837048267	0.0517837048267
0.226016941232	0.162457647941	0.162457647941
0.0963534247963	0.0544965663118	0.0544965663118
0.215764507872	0.187483999019	0.187483999019
0.164707205746	0.0999378775639	0.0999378775639
0.155637120624	0.11687538957	0.11687538957
0.209869599554	0.118259604136	0.118259604136
0.161421829791	0.0898160181321	0.0898160181321
0.237333007056	0.142842138412	0.142842138412
0.143039111647	0.0872334574366	0.0872334574366
0.189532933818	0.105854975647	0.105854975647
0.196711542087	0.100088545018	0.100088545018
0.165796866599	0.0883177021158	0.0883177021158
0.203696736206	0.0835010653107	0.0835010653107
0.216668449852	0.192624455531	0.192624455531
0.20252268687	0.128770203398	0.128770203398
0.0623124455769	0.029019990477	0.029019990477
0.194855912236	0.0938111547987	0.0938111547987
0.21434276309	0.122073855348	0.122073855348
0.211940924115	0.107620028148	0.107620028148
0.198514844165	0.0802078984963	0.0802078984963
0.221609526957	0.136746335458	0.136746335458
0.194946293697	0.08960898599	0.08960898599
0.159276278145	0.0825550626346	0.0825550626346
0.257796250361	0.168691804129	0.168691804129
0.190628038057	0.0969675497801	0.0969675497801
0.25471819631	0.120760730454	0.120760730454
0.156286046371	0.0784108567103	0.0784108567103
0.163693449286	0.0860635333821	0.0860635333821
0.119304916775	0.0515200972435	0.0515200972435
0.195651607123	0.137920360522	0.137920360522
0.158062529467	0.0626199775415	0.0626199775415
0.170886783258	0.113878634745	0.113878634745
0.239817785363	0.121606491092	0.121606491092
0.205244417046	0.11391397827	0.11391397827
0.16331000262	0.0868269001265	0.0868269001265
0.163515489128	0.102269892418	0.102269892418
0.202202789471	0.104589393037	0.104589393037
0.162800191009	0.127808783853	0.127808783853
0.175606264629	0.103028082901	0.103028082901
0.187212664425	0.089483234101	0.089483234101
0.213001285755	0.174815738895	0.174815738895
0.249149567569	0.152380333159	0.152380333159
0.194762240166	0.11716093094	0.11716093094
0.170710301049	0.0855640864037	0.0855640864037
0.152508455279	0.0600391215433	0.0600391215433
0.193920050274	0.10577572648	0.10577572648
0.225075677077	0.107408950296	0.107408950296
0.227605020834	0.150931892887	0.150931892887
0.171495841315	0.0648352865939	0.0648352865939
0.209245388178	0.108037594712	0.108037594712
0.185289515198	0.122733259404	0.122733259404
0.214767751542	0.100937458098	0.100937458098
0.183344738603	0.106813396905	0.106813396905
0.206382874048	0.102482162391	0.102482162391
0.263076742549	0.170245463974	0.170245463974
0.14059355915	0.0659845300019	0.0659845300019
0.132201030047	0.057982948222	0.057982948222
0.283116141334	0.207627310094	0.207627310094
0.257489007937	0.1607921532	0.1607921532
0.259439801964	0.164007606397	0.164007606397
0.124026313351	0.0576885050744	0.0576885050744
0.25626114675	0.219687837914	0.219687837914
0.218227120622	0.221849128222	0.221849128222
0.158774415067	0.150358618183	0.150358618183
0.145759502398	0.128820007093	0.128820007093
0.167624464306	0.0982711427509	0.0982711427509
0.218891642125	0.200525478634	0.200525478634
0.179844491497	0.136992487497	0.136992487497
0.131818732894	0.122935995329	0.122935995329
0.129441396743	0.0657158910781	0.0657158910781
0.14892721563	0.0856225643284	0.0856225643284
0.161718566553	0.113643816773	0.113643816773
0.17998218063	0.104439481045	0.104439481045
0.17885150612	0.120094777472	0.120094777472
0.17701314311	0.092526417562	0.092526417562
0.175859498319	0.139871135364	0.139871135364
0.160149287956	0.125697530918	0.125697530918
0.176770051301	0.0623185139139	0.0623185139139
0.169744068873	0.122532222248	0.122532222248
0.135312484822	0.175987727072	0.175987727072
0.110193224981	0.082882397238	0.082882397238
0.0887241839802	0.05754503195	0.05754503195
0.135315725016	0.137327261409	0.137327261409
0.253950847807	0.122385873546	0.122385873546
0.293692249686	0.178848168522	0.178848168522
0.284641408308	0.154651721916	0.154651721916
0.245127208089	0.111688288472	0.111688288472
0.19750313254	0.0677257197169	0.0677257197169
0.225982901464	0.105804019775	0.105804019775
0.13897465433	0.037025223776	0.037025223776
0.195504535009	0.0635618661436	0.0635618661436
0.0779785442591	0.0591844139608	0.0591844139608
0.0790640225012	0.0708055837665	0.0708055837665
0.0469186547311	0.0658884780526	0.0658884780526
0.187829991448	0.113880201694	0.113880201694
0.092040616297	0.102151790299	0.102151790299
0.111647648789	0.0794696830725	0.0794696830725
0.152709635092	0.0835769274083	0.0835769274083
0.14337541985	0.1335195138	0.1335195138
0.0948928764861	0.0752032299963	0.0752032299963
0.104029143806	0.0777975010956	0.0777975010956
0.0722911857403	0.0583995282261	0.0583995282261
0.0863247854083	0.0567696259944	0.0567696259944
0.0882114541807	0.0568092009175	0.0568092009175
0.134158116948	0.0732293421831	0.0732293421831
0.163498991102	0.0860061283673	0.0860061283673
0.0750967774334	0.0299958381431	0.0299958381431
0.174608307453	0.132620303655	0.132620303655
0.155670281779	0.0978153363023	0.0978153363023
0.15146301057	0.109123508909	0.109123508909
0.0833967203629	0.0713529955087	0.0713529955087
0.115906006279	0.102468900279	0.102468900279
0.0690440441361	0.0540099009551	0.0540099009551
0.0994585907046	0.0862305252165	0.0862305252165
0.130326527244	0.0681582125729	0.0681582125729
0.0656175226615	0.0641318040962	0.0641318040962
0.0966093620881	0.0729981780537	0.0729981780537
0.149043997966	0.0928441216075	0.0928441216075
0.156711958691	0.120136963871	0.120136963871
0.129535172076	0.0883411716188	0.0883411716188
0.136129046253	0.0751164796409	0.0751164796409
0.00773182251204	0.0132921860394	0.0132921860394
0.0986804600059	0.0587624502351	0.0587624502351
0.0793952568992	0.0326845348313	0.0326845348313
0.119314418889	0.0531586147927	0.0531586147927
0.110248258019	0.0722579920372	0.0722579920372
0.168054526361	0.0856215759099	0.0856215759099
0.164006000801	0.0980152920509	0.0980152920509
0.0984944312718	0.0655300544876	0.0655300544876
0.157052309366	0.064124436205	0.064124436205
0.1273134747	0.0445736479111	0.0445736479111
0.112032739479	0.0772304453225	0.0772304453225
0.100606654135	0.0454480893046	0.0454480893046
0.0716025670208	0.0791328510832	0.0791328510832
0.215612828804	0.102947709836	0.102947709836
0.153277074258	0.119717863377	0.119717863377
0.191393269008	0.0792400799815	0.0792400799815
0.200871370638	0.0758570618525	0.0758570618525
0.164867984593	0.0847186695004	0.0847186695004
0.181642585417	0.0819077684829	0.0819077684829
0.141328878012	0.0557065571126	0.0557065571126
0.0926598981844	0.0386018239225	0.0386018239225
0.0962556277297	0.070652456901	0.070652456901
0.184726647449	0.0512559277578	0.0512559277578
0.170086849655	0.103268580867	0.103268580867
0.129680971387	0.0904996261911	0.0904996261911
0.137929730502	0.082358971986	0.082358971986
0.107721818962	0.0533884579571	0.0533884579571
0.173520548234	0.113120151358	0.113120151358
0.0803376642481	0.0389573036823	0.0389573036823
0.19924357514	0.0840409648261	0.0840409648261
0.056659290267	0.00603191910256	0.00603191910256
0.126721817457	0.0781907210516	0.0781907210516
0.12278523183	0.070976660829	0.070976660829
0.137346322176	0.0648437195839	0.0648437195839
0.117227275568	0.0533108584924	0.0533108584924
0.0934398969976	0.016207402878	0.016207402878
0.181821730657	0.0978228870466	0.0978228870466
0.163685440543	0.0863456924369	0.0863456924369
0.117857602906	0.0661308276588	0.0661308276588
0.154833196809	0.0879488154539	0.0879488154539
0.128004843865	0.0760445796523	0.0760445796523
0.212292565597	0.145335992459	0.145335992459
0.148847705105	0.0995813058806	0.0995813058806
0.144893001363	0.0993613495464	0.0993613495464
0.162055725024	0.109762039436	0.109762039436
0.154182080032	0.0980163138541	0.0980163138541
0.119989135799	0.0520928780073	0.0520928780073
0.172157768568	0.0868583311709	0.0868583311709
0.149328012717	0.075664000674	0.075664000674
0.274939532984	0.159841704972	0.159841704972
0.135566276111	0.0742588619726	0.0742588619726
0.11253303827	0.0602529242167	0.0602529242167
0.218429543826	0.124927336806	0.124927336806
0.220066651628	0.152751724541	0.152751724541
0.144978282979	0.101826127063	0.101826127063
0.14172155357	0.0989570473856	0.0989570473856
0.127437437339	0.056959016903	0.056959016903
0.205988335077	0.132399525559	0.132399525559
0.148569472919	0.078910736028	0.078910736028
0.125079036124	0.0724144607124	0.0724144607124
0.154140323681	0.0888294829849	0.0888294829849
0.179737660335	0.120021721875	0.120021721875
0.152413490697	0.0875840248753	0.0875840248753
0.0955557332014	0.0411503752625	0.0411503752625
0.137881293477	0.0966474446585	0.0966474446585
0.173429543148	0.115782299595	0.115782299595
0.15859696936	0.111990318	0.111990318
0.141866492602	0.0846379876492	0.0846379876492
0.104739211092	0.0642915653968	0.0642915653968
0.197448305457	0.163148404805	0.163148404805
0.180136062612	0.0848168795714	0.0848168795714
0.132431525797	0.0732787873209	0.0732787873209
0.197876081697	0.145276291029	0.145276291029
0.109621539217	0.0432604070098	0.0432604070098
0.157079744745	0.0843550647241	0.0843550647241
0.162718309901	0.0966774635975	0.0966774635975
0.142086085852	0.0913064672113	0.0913064672113
0.112255087685	0.0947239835568	0.0947239835568
0.142839322455	0.110749538415	0.110749538415
0.118062541336	0.0664883252928	0.0664883252928
0.165888415134	0.0961893452143	0.0961893452143
0.164690916284	0.0636062596131	0.0636062596131
0.144285154883	0.0754453505307	0.0754453505307
0.154239919817	0.107881756683	0.107881756683
0.236909346481	0.16660809426	0.16660809426
0.134546853741	0.0709846444404	0.0709846444404
0.0743010113378	0.0301782301518	0.0301782301518
0.109819789475	0.0529296432278	0.0529296432278
0.149538171957	0.0966065051457	0.0966065051457
0.135442980514	0.0828160842684	0.0828160842684
0.167360051787	0.108849082675	0.108849082675
0.128421117767	0.0904308999454	0.0904308999454
0.0976254199636	0.0511969268334	0.0511969268334
0.176544518075	0.104705923683	0.104705923683
0.157733331051	0.11670105974	0.11670105974
0.165382872696	0.111384428989	0.111384428989
0.199460895712	0.161504457405	0.161504457405
0.0726114519314	0.0316393815417	0.0316393815417
0.10123844817	0.0521634947634	0.0521634947634
0.145840669732	0.0974572744341	0.0974572744341
0.13849735838	0.0883899387524	0.0883899387524
0.116032701751	0.0772558596381	0.0772558596381
0.190585810003	0.125090756476	0.125090756476
0.14127700732	0.0754537231334	0.0754537231334
0.135018738174	0.122261859627	0.122261859627
0.199965706134	0.169365623771	0.169365623771
0.139850058502	0.099062983123	0.099062983123
0.1975241554	0.0824660163342	0.0824660163342
0.137284865492	0.0606631908062	0.0606631908062
0.12835626039	0.0719155247903	0.0719155247903
0.177584558495	0.0825931998931	0.0825931998931
0.152909065928	0.105692462948	0.105692462948
0.202004832141	0.171470190657	0.171470190657
0.143033976969	0.104659232917	0.104659232917
0.13141911646	0.100032409943	0.100032409943
0.133601100379	0.0839260004141	0.0839260004141
0.186978684725	0.118652040834	0.118652040834
0.179734547224	0.0659014113024	0.0659014113024
0.129069230029	0.0492989128132	0.0492989128132
0.126742233959	0.0890145975008	0.0890145975008
0.224387872061	0.181085571099	0.181085571099
0.17382548549	0.106740880838	0.106740880838
0.166896403973	0.120802609285	0.120802609285
0.144241872213	0.0934846659345	0.0934846659345
0.207811388207	0.18210261801	0.18210261801
0.205765179544	0.20477941901	0.20477941901
0.178081085169	0.153781940515	0.153781940515
0.193069784006	0.0964346936507	0.0964346936507
0.128531503129	0.118569109242	0.118569109242
0.158581976328	0.119655359032	0.119655359032
0.138683072739	0.0875181944947	0.0875181944947
0.178897229538	0.133494536597	0.133494536597
0.172574892267	0.146160945567	0.146160945567
0.159738863626	0.104770507832	0.104770507832
0.162472839898	0.117454861417	0.117454861417
0.157500249393	0.126175690288	0.126175690288
0.176849746169	0.138886444055	0.138886444055
0.119444299103	0.0752170986689	0.0752170986689
0.1616193113	0.131695977618	0.131695977618
0.13491337965	0.10542936378	0.10542936378
0.166425729969	0.143806070009	0.143806070009
0.0970306069989	0.0680830739374	0.0680830739374
0.193967469331	0.128413385701	0.128413385701
0.170555223499	0.127638361038	0.127638361038
0.160069335679	0.098684454888	0.098684454888
0.172895356864	0.211818357674	0.211818357674
0.123334041256	0.0790325655409	0.0790325655409
0.138512462715	0.145272454807	0.145272454807
0.14974420934	0.136259162612	0.136259162612
0.175830387364	0.119258215389	0.119258215389
0.159675231103	0.140540215505	0.140540215505
0.12563321561	0.0577924380914	0.0577924380914
0.183664134088	0.16654751912	0.16654751912
0.17084739326	0.134022909722	0.134022909722
0.119894982915	0.0861628364945	0.0861628364945
0.180878701476	0.104522861603	0.104522861603
0.155017355621	0.125452016886	0.125452016886
0.192841666132	0.152096408652	0.152096408652
0.139049606372	0.0779560174027	0.0779560174027
0.22739229994	0.18604804618	0.18604804618
0.16493958142	0.123589460056	0.123589460056
0.145561276243	0.152077261359	0.152077261359
0.143368847345	0.110546224245	0.110546224245
0.167311858495	0.119580119111	0.119580119111
0.190124294349	0.104280805139	0.104280805139
0.132597180721	0.0911796158129	0.0911796158129
0.156157170881	0.0772325191959	0.0772325191959
0.155044515593	0.0880678568554	0.0880678568554
0.126044194655	0.0679470714426	0.0679470714426
0.146766232606	0.0925324104535	0.0925324104535
0.119362330654	0.103230742561	0.103230742561
0.156506430299	0.0922274650299	0.0922274650299
0.173193440794	0.166923558339	0.166923558339
0.217928432271	0.211011162248	0.211011162248
0.109378253851	0.0729330111359	0.0729330111359
0.0771977897106	0.0292582803322	0.0292582803322
0.0860526907557	0.0209835012963	0.0209835012963
0.169540652252	0.127041447776	0.127041447776
0.162205069295	0.125162090352	0.125162090352
0.130117562218	0.0935557974116	0.0935557974116
0.145697380703	0.0744809593258	0.0744809593258
0.142069094912	0.100346919041	0.100346919041
0.18298226507	0.144195831987	0.144195831987
0.174856106157	0.161512851753	0.161512851753
0.109431751951	0.0647892772169	0.0647892772169
0.133377927899	0.0996111924306	0.0996111924306
0.160050093513	0.120116513948	0.120116513948
0.204341397611	0.164241076572	0.164241076572
0.193381530895	0.140276067903	0.140276067903
0.156059399793	0.0720938521818	0.0720938521818
0.128350549982	0.0664189027784	0.0664189027784
0.184157830907	0.116525940544	0.116525940544
0.161301832048	0.151757462138	0.151757462138
0.184173412557	0.110352727534	0.110352727534
0.125665877108	0.0517893799092	0.0517893799092
0.225155423073	0.143898170618	0.143898170618
0.153928875674	0.0760937357603	0.0760937357603
0.144704744731	0.101810884194	0.101810884194
0.182128433642	0.149573952978	0.149573952978
0.165840275597	0.0938016902704	0.0938016902704
0.171056571663	0.166758796687	0.166758796687
0.16190553012	0.075517611687	0.075517611687
0.240131757768	0.194019986012	0.194019986012
0.234150213468	0.147775015503	0.147775015503
0.184998428951	0.101064178111	0.101064178111
0.217513027	0.132134360501	0.132134360501
0.272986629143	0.212417370206	0.212417370206
0.201683558329	0.120181399215	0.120181399215
0.259002112025	0.17384685398	0.17384685398
0.145364489103	0.0691230972811	0.0691230972811
0.197156550016	0.114818440754	0.114818440754
0.199163677625	0.122680359185	0.122680359185
0.21383157532	0.108563658218	0.108563658218
0.230872062315	0.172725244298	0.172725244298
0.252131571778	0.162798363394	0.162798363394
0.167134032749	0.0667515576699	0.0667515576699
0.237750722703	0.126750074132	0.126750074132
0.241747149975	0.157849323124	0.157849323124
0.189902040851	0.0989008771616	0.0989008771616
0.192772927577	0.0994421982576	0.0994421982576
0.194216445027	0.115646855154	0.115646855154
0.246910734428	0.116451417974	0.116451417974
0.227402952883	0.131792521116	0.131792521116
0.212795816991	0.147688682526	0.147688682526
0.16262134707	0.103805762406	0.103805762406
0.176090095164	0.101024667496	0.101024667496
0.159752475972	0.0777805286144	0.0777805286144
0.173143125655	0.110998589159	0.110998589159
0.209759123918	0.164401339598	0.164401339598
0.212981556316	0.171539833013	0.171539833013
0.184750506678	0.126285727348	0.126285727348
0.118265819413	0.0498054581884	0.0498054581884
0.151500954159	0.0962270774567	0.0962270774567
0.134114804392	0.0897658132326	0.0897658132326
0.176008237866	0.112422032945	0.112422032945
0.179492434763	0.102052314102	0.102052314102
0.177897491775	0.106715098196	0.106715098196
0.194170970596	0.131942752224	0.131942752224
0.153115218215	0.0687093714886	0.0687093714886
0.20244211321	0.141284757184	0.141284757184
0.158525284626	0.0993917949323	0.0993917949323
0.196456680048	0.136597085855	0.136597085855
0.162035723206	0.110402525078	0.110402525078
0.182081430577	0.103938539478	0.103938539478
0.156757678274	0.076305785505	0.076305785505
0.217419571549	0.197457352558	0.197457352558
0.136546124823	0.0639673988451	0.0639673988451
0.111998256745	0.0772857658935	0.0772857658935
0.108906289465	0.02954601756	0.02954601756
0.14182789614	0.0818357379455	0.0818357379455
0.144502825787	0.0554928388472	0.0554928388472
0.163259039651	0.0963664128072	0.0963664128072
0.184524247488	0.10586873857	0.10586873857
0.197028409211	0.127083590415	0.127083590415
0.163609713228	0.0862527009319	0.0862527009319
0.138572572847	0.0742752830814	0.0742752830814
0.168615652428	0.110276375707	0.110276375707
0.137376777808	0.058519677139	0.058519677139
0.182654470817	0.108716076207	0.108716076207
0.150099635465	0.0826522721536	0.0826522721536
0.164149352731	0.0836619435482	0.0836619435482
0.121220374017	0.0926541825857	0.0926541825857
0.220468649908	0.150897265737	0.150897265737
0.164640424126	0.109185633113	0.109185633113
0.0775189593803	0.0325332022392	0.0325332022392
0.200815291223	0.114287078546	0.114287078546
0.169494085937	0.123826465645	0.123826465645
0.186951682907	0.114687119743	0.114687119743
0.121187088448	0.0684618275444	0.0684618275444
0.194939007947	0.124222146215	0.124222146215
0.188695096844	0.143240741745	0.143240741745
0.16880645863	0.102263435204	0.102263435204
0.130245296206	0.0548795094826	0.0548795094826
0.144092205932	0.0796356017705	0.0796356017705
0.158999088067	0.141623619456	0.141623619456
0.108044522963	0.0642822990897	0.0642822990897
0.160236420769	0.0869185558029	0.0869185558029
0.144030430984	0.0743664382661	0.0743664382661
0.125697336432	0.0679038215322	0.0679038215322
0.151612862126	0.12953246545	0.12953246545
0.123311423178	0.0742301225848	0.0742301225848
0.153268514929	0.109501922513	0.109501922513
0.139543708761	0.0596406357088	0.0596406357088
0.164820015341	0.129895177747	0.129895177747
0.198333274149	0.160655225449	0.160655225449
0.139885562609	0.0862005140878	0.0862005140878
0.180567100661	0.161593480456	0.161593480456
0.21030667555	0.119312172779	0.119312172779
0.188818338228	0.153189899807	0.153189899807
0.165070626588	0.130712978822	0.130712978822
0.164941688439	0.0911930255134	0.0911930255134
0.147638755797	0.111964342307	0.111964342307
0.156888535612	0.0972668170878	0.0972668170878
0.169586903458	0.0504476462708	0.0504476462708
0.151450068591	0.0793759355507	0.0793759355507
0.154344258516	0.0525183360201	0.0525183360201
0.15489865426	0.0876825293337	0.0876825293337
0.201698609411	0.122352258982	0.122352258982
0.186546797556	0.0872169703031	0.0872169703031
0.139400217898	0.0693485826155	0.0693485826155
0.156041821104	0.0565798150809	0.0565798150809
0.197636349304	0.102359791707	0.102359791707
0.238043857045	0.135480023988	0.135480023988
0.2514277256	0.196390540055	0.196390540055
0.217666441861	0.154453597968	0.154453597968
0.203786507204	0.15149431426	0.15149431426
0.209445642876	0.140077324857	0.140077324857
0.204757651728	0.114453116096	0.114453116096
0.169200809715	0.107302842135	0.107302842135
0.0963129958761	0.108628844248	0.108628844248
0.0582634555255	0.0937261291538	0.0937261291538
0.0709143106623	0.0613175237748	0.0613175237748
0.0691005018154	0.049072351025	0.049072351025
0.121512540832	0.144383137219	0.144383137219
0.0414089572233	0.0374657597598	0.0374657597598
0.100481765057	0.124767158083	0.124767158083
0.15889991415	0.0526754070933	0.0526754070933
0.166350614915	0.0540502617927	0.0540502617927
0.16229580276	0.0806517487997	0.0806517487997
0.267035158344	0.144256567828	0.144256567828
0.205530133964	0.137796718616	0.137796718616
0.177691036372	0.0775226900935	0.0775226900935
0.268505759112	0.119731619482	0.119731619482
0.205009611391	0.109696545661	0.109696545661
0.177055896976	0.0687370039565	0.0687370039565
0.280292907476	0.138569646189	0.138569646189
0.281059456654	0.138672826737	0.138672826737
0.234366656761	0.0951182996316	0.0951182996316
0.246052453374	0.0950683737924	0.0950683737924
0.199981121772	0.0682069992009	0.0682069992009
0.251523219658	0.1101763019	0.1101763019
0.204373857286	0.0649822510819	0.0649822510819
0.297968657147	0.127548481711	0.127548481711
0.249391561253	0.0927149022874	0.0927149022874
0.268651893188	0.121409089928	0.121409089928
0.21214824709	0.0804979218037	0.0804979218037
0.28220858239	0.159439338254	0.159439338254
0.232080696383	0.101770154958	0.101770154958
0.230921360255	0.11342601073	0.11342601073
0.160067423448	0.0617488957077	0.0617488957077
0.265979389004	0.121052135497	0.121052135497
0.229416523116	0.0954334441443	0.0954334441443
0.22121882384	0.106877043318	0.106877043318
0.247120963003	0.107518200702	0.107518200702
0.259370246256	0.107796451005	0.107796451005
0.188623828779	0.0600984771947	0.0600984771947
0.281648093672	0.149252772029	0.149252772029
0.242177314839	0.107886971329	0.107886971329
0.261802954351	0.121151752974	0.121151752974
0.237521710383	0.0955445795139	0.0955445795139
0.186386886235	0.0795604797453	0.0795604797453
0.194239253084	0.0662758192	0.0662758192
0.230273492697	0.1508723992	0.1508723992
0.145962345237	0.0461167068866	0.0461167068866
0.223961381123	0.155446344252	0.155446344252
0.199282335769	0.10066305445	0.10066305445
0.205429360582	0.089062799887	0.089062799887
0.263057909938	0.154625651786	0.154625651786
0.261103232447	0.138276429602	0.138276429602
0.2562061698	0.185667869784	0.185667869784
0.206660454238	0.118687891001	0.118687891001
0.232300607152	0.133911377171	0.133911377171
0.211571022706	0.0950366563026	0.0950366563026
0.193440220734	0.0876592313389	0.0876592313389
0.214597314329	0.12473792043	0.12473792043
0.211817419566	0.118968070185	0.118968070185
0.190573836332	0.0817096378915	0.0817096378915
0.216926492535	0.141942464992	0.141942464992
0.269406906593	0.177688776257	0.177688776257
0.227355968575	0.122352521816	0.122352521816
0.248684275884	0.172159358928	0.172159358928
0.242873579264	0.122216634614	0.122216634614
0.245486904577	0.169886336503	0.169886336503
0.192859511645	0.0959089538562	0.0959089538562
0.211171353474	0.111351659803	0.111351659803
0.208699445091	0.10756008844	0.10756008844
0.243593072382	0.137806584498	0.137806584498
0.219449158769	0.101175039903	0.101175039903
0.321220950006	0.23169829908	0.23169829908
0.321714820878	0.215251839788	0.215251839788
0.226881719463	0.114787917011	0.114787917011
0.216019152271	0.138118155386	0.138118155386
0.239405855915	0.148224482191	0.148224482191
0.247729913325	0.136897095908	0.136897095908
0.247202561727	0.135861518783	0.135861518783
0.233047330361	0.104571320189	0.104571320189
0.20805562286	0.121254686548	0.121254686548
0.203674849915	0.106844827042	0.106844827042
0.229617103251	0.131487446048	0.131487446048
0.294515135188	0.216158051405	0.216158051405
0.275833895237	0.222837974595	0.222837974595
0.241296323012	0.190282199984	0.190282199984
0.224806876701	0.107457855934	0.107457855934
0.313492705567	0.241831976027	0.241831976027
0.230111732843	0.130647168276	0.130647168276
0.25640958566	0.151855672787	0.151855672787
0.200311460547	0.0840940485937	0.0840940485937
0.283350954946	0.210138990952	0.210138990952
0.211363430609	0.131192507499	0.131192507499
0.2430905515	0.143789888273	0.143789888273
0.184953354619	0.0768658141839	0.0768658141839
0.250733648156	0.172427648489	0.172427648489
0.230095453705	0.122556331366	0.122556331366
0.215551479601	0.102065791963	0.102065791963
0.210033403031	0.134603927339	0.134603927339
0.257123996573	0.15000984249	0.15000984249
0.268376788264	0.19934334052	0.19934334052
0.103108356313	0.0335056995625	0.0335056995625
0.24172016697	0.142584664961	0.142584664961
0.282346302237	0.161288546207	0.161288546207
0.228408481692	0.126885348771	0.126885348771
0.316154814849	0.210576511034	0.210576511034
0.234168394249	0.129429722902	0.129429722902
0.229447473693	0.131665345276	0.131665345276
0.234585093583	0.122652401678	0.122652401678
0.226085176551	0.115105781427	0.115105781427
0.322495432953	0.217190830714	0.217190830714
0.255680127995	0.141492455009	0.141492455009
0.179962550764	0.0911093687064	0.0911093687064
0.205322650909	0.0998201862884	0.0998201862884
0.18321988517	0.106319860633	0.106319860633
0.174100938284	0.0635285339811	0.0635285339811
0.187475664871	0.0834411995074	0.0834411995074
0.169382670917	0.0919077514544	0.0919077514544
0.275567661217	0.151915662933	0.151915662933
0.194797816676	0.167450237277	0.167450237277
0.213497603354	0.119271358872	0.119271358872
0.169319663106	0.095149172193	0.095149172193
0.149563223303	0.0621792632868	0.0621792632868
0.250504284526	0.167850194632	0.167850194632
0.242033437014	0.172254523689	0.172254523689
0.132435228945	0.0461925918673	0.0461925918673
0.217621881734	0.115738458697	0.115738458697
0.25481032118	0.142003945063	0.142003945063
0.262728157555	0.176147237615	0.176147237615
0.168187020738	0.131834637204	0.131834637204
0.247043927922	0.143278116897	0.143278116897
0.141071999152	0.0464128477284	0.0464128477284
0.19740572874	0.139049454701	0.139049454701
0.177495025765	0.0933032283545	0.0933032283545
0.219649408676	0.0945199291353	0.0945199291353
0.253815900407	0.153349560969	0.153349560969
0.167619126072	0.102476382614	0.102476382614
0.194075075414	0.101696812717	0.101696812717
0.257055652728	0.205232161358	0.205232161358
0.192401476625	0.0805222451238	0.0805222451238
0.18931700823	0.0691716187195	0.0691716187195
0.182187130279	0.0882275184115	0.0882275184115
0.220053999206	0.0999393270552	0.0999393270552
0.151058383432	0.0518058349449	0.0518058349449
0.159299708529	0.0699204321201	0.0699204321201
0.160486678976	0.0636400051513	0.0636400051513
0.179180887254	0.0664316276632	0.0664316276632
0.164811701686	0.0819000739928	0.0819000739928
0.227852125129	0.103072531016	0.103072531016
0.1492644869	0.0624246583055	0.0624246583055
0.217100978899	0.1063131328	0.1063131328
0.161680302442	0.0677154421883	0.0677154421883
0.204034204671	0.107674360036	0.107674360036
0.260919258148	0.172191026025	0.172191026025
0.202620242251	0.107988969133	0.107988969133
0.148876115394	0.0943714931785	0.0943714931785
0.25698725296	0.197643793255	0.197643793255
0.240770249659	0.157334147239	0.157334147239
0.214971862915	0.0881911713066	0.0881911713066
0.192629926412	0.0889570975484	0.0889570975484
0.190535664392	0.0631620517903	0.0631620517903
0.204551344364	0.139015764448	0.139015764448
0.251046407626	0.138184437315	0.138184437315
0.21648156249	0.0860419620771	0.0860419620771
0.178687927737	0.0749889476352	0.0749889476352
0.195371821564	0.088108245819	0.088108245819
0.264582350827	0.16625652795	0.16625652795
0.177106669672	0.11687899995	0.11687899995
0.23869738751	0.172441847287	0.172441847287
0.196617117472	0.0815550003008	0.0815550003008
0.156595354935	0.0530932425703	0.0530932425703
0.215079386362	0.105738964534	0.105738964534
0.141637617089	0.0636557633434	0.0636557633434
0.125298459307	0.0470655837519	0.0470655837519
0.131114992279	0.0581139203508	0.0581139203508
0.168885572438	0.0789505918538	0.0789505918538
0.289046122968	0.172326614688	0.172326614688
0.210591680007	0.085592188886	0.085592188886
0.310482129599	0.158437419375	0.158437419375
0.179619077422	0.089050081242	0.089050081242
0.199465663617	0.0909875755002	0.0909875755002
0.202420578144	0.0933614568619	0.0933614568619
0.198956844897	0.0847984420578	0.0847984420578
0.19594279182	0.0851917796982	0.0851917796982
0.163613547989	0.0613567727875	0.0613567727875
0.138851985244	0.0590310250731	0.0590310250731
0.259881196152	0.145246254229	0.145246254229
0.278361883444	0.130069894081	0.130069894081
0.217842167821	0.0810070448034	0.0810070448034
0.180253826971	0.0963557977026	0.0963557977026
0.178760268315	0.0581650801153	0.0581650801153
0.182704137652	0.096933552892	0.096933552892
0.18534627788	0.0508218949195	0.0508218949195
0.134273154934	0.0681286377816	0.0681286377816
0.186473555131	0.0779795589905	0.0779795589905
0.238063824119	0.151546910013	0.151546910013
0.212496270438	0.11431002569	0.11431002569
0.134152114854	0.0274383173514	0.0274383173514
0.151305936154	0.0473116409396	0.0473116409396
0.21475607715	0.0811928114605	0.0811928114605
0.218797932505	0.102011628571	0.102011628571
0.198253991177	0.13063312922	0.13063312922
0.218204702843	0.0509479164474	0.0509479164474
0.151462460729	0.0552350662709	0.0552350662709
0.170358623154	0.0448167439983	0.0448167439983
0.252205943159	0.115701106625	0.115701106625
0.206280460932	0.114004362351	0.114004362351
0.171281367606	0.0663518003304	0.0663518003304
0.227141693954	0.11368343212	0.11368343212
0.18987821731	0.101064052288	0.101064052288
0.155709719274	0.0464664926589	0.0464664926589
0.186792753819	0.0566842091478	0.0566842091478
0.193603623164	0.0750050956695	0.0750050956695
0.150471164937	0.07356997838	0.07356997838
0.230723297867	0.115775303372	0.115775303372
0.166605569679	0.0926968215688	0.0926968215688
0.184410487367	0.0617069259104	0.0617069259104
0.195662016163	0.119930782275	0.119930782275
0.296327850403	0.21632331794	0.21632331794
0.306299487959	0.119808032708	0.119808032708
0.184637867413	0.0722989526584	0.0722989526584
0.186532174515	0.111910277136	0.111910277136
0.216402207802	0.111382773887	0.111382773887
0.240035455985	0.111293355901	0.111293355901
0.227736684108	0.149857498116	0.149857498116
0.197881945942	0.121186396143	0.121186396143
0.251214754753	0.143985591082	0.143985591082
0.279153833013	0.143189532206	0.143189532206
0.244494410738	0.166670273945	0.166670273945
0.236824006978	0.135510957053	0.135510957053
0.184308476974	0.0572067066054	0.0572067066054
0.188456348245	0.0761774196602	0.0761774196602
0.245986008512	0.139388764404	0.139388764404
0.203665417333	0.106113089548	0.106113089548
0.232181609671	0.111725726809	0.111725726809
0.198728495342	0.114119579057	0.114119579057
0.242068241764	0.128120515285	0.128120515285
0.251805600796	0.133511521423	0.133511521423
0.191630060637	0.0919346372838	0.0919346372838
0.192476418972	0.0699088509985	0.0699088509985
0.272082836719	0.114201422638	0.114201422638
0.218112515738	0.134452173132	0.134452173132
0.287452782156	0.178838147498	0.178838147498
0.22904609215	0.160961461941	0.160961461941
0.116891145102	0.0460647106759	0.0460647106759
0.213993146644	0.105756866174	0.105756866174
0.198328428409	0.0852084577705	0.0852084577705
0.191934442892	0.104283618194	0.104283618194
0.248013797634	0.118382549293	0.118382549293
0.243720450258	0.122333252251	0.122333252251
0.261680752695	0.127743200192	0.127743200192
0.271393502997	0.183892291131	0.183892291131
0.319081263786	0.206472846415	0.206472846415
0.219211109387	0.132547800612	0.132547800612
0.194032199322	0.0740503994229	0.0740503994229
0.239175248434	0.182424237135	0.182424237135
0.360573744362	0.268730898515	0.268730898515
0.095668708129	0.043825746254	0.043825746254
0.155084716588	0.110986868348	0.110986868348
0.0848683348453	0.096279045574	0.096279045574
0.123540135983	0.0648785681203	0.0648785681203
0.125436243576	0.127589691968	0.127589691968
0.125744730849	0.140832914705	0.140832914705
0.0873820000706	0.14190882796	0.14190882796
0.0511797211131	0.0315044653992	0.0315044653992
0.125229127671	0.126050141463	0.126050141463
0.129813834096	0.0932365015032	0.0932365015032
0.112079257979	0.115503857923	0.115503857923
0.151823585803	0.168301286582	0.168301286582
0.117640948159	0.0793334299701	0.0793334299701
0.102397706906	0.18187948326	0.18187948326
0.141720543232	0.116509996049	0.116509996049
0.0953009454942	0.0582283043884	0.0582283043884
0.0678636691806	0.0223581569903	0.0223581569903
0.132089461459	0.169922370328	0.169922370328
0.0663872403034	0.0492616158819	0.0492616158819
0.16872901658	0.118934768799	0.118934768799
0.0821136598602	0.0789965827138	0.0789965827138
0.128889643437	0.162554777101	0.162554777101
0.0559340312503	0.0265651781794	0.0265651781794
0.17773086841	0.0663904731833	0.0663904731833
0.181463842039	0.154415211052	0.154415211052
0.106645884629	0.0810672583198	0.0810672583198
0.115589461048	0.0875006253553	0.0875006253553
0.0880090920733	0.0821362534351	0.0821362534351
0.0915007166647	0.0788162605082	0.0788162605082
0.107365724013	0.0647363826009	0.0647363826009
0.0976467013774	0.172103751105	0.172103751105
0.1205206277	0.0799119977375	0.0799119977375
0.0938763447958	0.0843927183005	0.0843927183005
0.15016908784	0.19587523575	0.19587523575
0.118155238034	0.112231457645	0.112231457645
0.116556834322	0.0899158845246	0.0899158845246
0.110114295896	0.08727733226	0.08727733226
0.0661221779386	0.0436828506958	0.0436828506958
0.0764384781199	0.107361091186	0.107361091186
0.107900855393	0.14303399538	0.14303399538
0.139173266524	0.126132366613	0.126132366613
0.094359546593	0.0716527114883	0.0716527114883
0.0883799572615	0.078625814015	0.078625814015
0.106546383434	0.119664749678	0.119664749678
0.138402513319	0.13512342651	0.13512342651
0.112999787128	0.056974089955	0.056974089955
0.0942590400903	0.0522736084406	0.0522736084406
0.110719980706	0.0708402637137	0.0708402637137
0.0835834825818	0.0367424936486	0.0367424936486
0.0960490692934	0.12894214068	0.12894214068
0.137759827646	0.141342434627	0.141342434627
0.086560782714	0.0579661464457	0.0579661464457
0.0844951730338	0.129595492636	0.129595492636
0.137318227215	0.119541382093	0.119541382093
0.149080371236	0.129917552513	0.129917552513
0.070577333508	0.0930557248249	0.0930557248249
0.0827637330539	0.0809396970369	0.0809396970369
0.0799730081225	0.0881813130101	0.0881813130101
0.124864595653	0.0970842776202	0.0970842776202
0.151027430898	0.0639147647186	0.0639147647186
0.124123961211	0.125792964385	0.125792964385
0.0639726522793	0.0495671815786	0.0495671815786
0.107839488203	0.0858577711973	0.0858577711973
0.0854401766592	0.0311818226077	0.0311818226077
0.148667009088	0.145078841438	0.145078841438
0.089376200033	0.0567022569919	0.0567022569919
0.0806486721148	0.0689058686134	0.0689058686134
0.121662820911	0.0459310135328	0.0459310135328
0.126863122411	0.13022432999	0.13022432999
0.0729211001266	0.0665164565364	0.0665164565364
0.143857975387	0.165603063201	0.165603063201
0.0931083518537	0.0870984016666	0.0870984016666
0.152096982533	0.0830525671822	0.0830525671822
0.224044336127	0.0763443455471	0.0763443455471
0.299926164795	0.187042468278	0.187042468278
0.201332033209	0.11611615841	0.11611615841
0.283978762013	0.138494188323	0.138494188323
0.168863459339	0.115384563045	0.115384563045
0.147780092069	0.0879137499957	0.0879137499957
0.283620576064	0.150975106636	0.150975106636
0.217264139967	0.15960682004	0.15960682004
0.169491763662	0.100085517394	0.100085517394
0.235211996102	0.126451652207	0.126451652207
0.209755735189	0.0636693364767	0.0636693364767
0.29527324263	0.189063527513	0.189063527513
0.171553465013	0.0845962708188	0.0845962708188
0.115613593844	0.0759458616827	0.0759458616827
0.160502698249	0.095995266893	0.095995266893
0.228558498935	0.0885746436598	0.0885746436598
0.135353692151	0.0808179096949	0.0808179096949
0.155229193813	0.0521850673802	0.0521850673802
0.245482065144	0.131565768568	0.131565768568
0.133468099281	0.055880079925	0.055880079925
0.377080448819	0.185988368245	0.185988368245
0.165910191863	0.0733587741249	0.0733587741249
0.165768279602	0.0630996830892	0.0630996830892
0.14237658206	0.0501513508379	0.0501513508379
0.264288700774	0.151839974949	0.151839974949
0.174655789652	0.0928316754921	0.0928316754921
0.208924835658	0.103215234896	0.103215234896
0.264300824656	0.157711233404	0.157711233404
0.303475347227	0.171508843938	0.171508843938
0.154901429915	0.0633985517568	0.0633985517568
0.164930474732	0.0874896563999	0.0874896563999
0.156985770067	0.0785314722979	0.0785314722979
0.182889801952	0.094759779923	0.094759779923
0.228730454158	0.149101120024	0.149101120024
0.255695339547	0.143043818904	0.143043818904
0.168315870177	0.0642023240817	0.0642023240817
0.0627572016461	0.0123119752125	0.0123119752125
0.249258679095	0.130846610227	0.130846610227
0.176426627325	0.0837426947361	0.0837426947361
0.229174844835	0.118519374426	0.118519374426
0.232454026334	0.117708902652	0.117708902652
0.269668652107	0.129633064002	0.129633064002
0.188370787134	0.114717886813	0.114717886813
0.195956118652	0.129697732243	0.129697732243
0.198046683922	0.0913272525425	0.0913272525425
0.173668069674	0.0932253466614	0.0932253466614
0.102002053145	0.0357228465564	0.0357228465564
0.29393717749	0.186263428499	0.186263428499
0.145105210166	0.0702270302862	0.0702270302862
0.0986837274592	0.06030733541	0.06030733541
0.135769201498	0.068447731694	0.068447731694
0.168974735802	0.0687932802265	0.0687932802265
0.189032395751	0.0836542861773	0.0836542861773
0.168506664289	0.0891642643253	0.0891642643253
0.190223106146	0.082456825306	0.082456825306
0.167700345358	0.0647207855212	0.0647207855212
0.234184823741	0.138238348281	0.138238348281
0.120334791227	0.0614746007396	0.0614746007396
0.144512036706	0.0859870476083	0.0859870476083
0.233197529479	0.0888195360713	0.0888195360713
0.17875772444	0.118434503013	0.118434503013
0.160903754122	0.106632572354	0.106632572354
0.151221970277	0.0964016405944	0.0964016405944
0.16916485283	0.0791746736989	0.0791746736989
0.180289063828	0.107661236173	0.107661236173
0.16664262938	0.0977315217847	0.0977315217847
0.187451456201	0.106488791179	0.106488791179
0.119664903147	0.057439459644	0.057439459644
0.218801522213	0.178757341061	0.178757341061
0.183373876311	0.132461197702	0.132461197702
0.16027890355	0.0928294633989	0.0928294633989
0.111993136335	0.0675346963337	0.0675346963337
0.161667985153	0.142720426587	0.142720426587
0.158296420784	0.0963296544298	0.0963296544298
0.190564693046	0.0975183903855	0.0975183903855
0.195493280849	0.160771885875	0.160771885875
0.172377635449	0.117502782583	0.117502782583
0.126739939125	0.121792589189	0.121792589189
0.141726937268	0.116755814937	0.116755814937
0.135962740727	0.0740332276639	0.0740332276639
0.130187895945	0.101345036952	0.101345036952
0.20150598019	0.0851209219286	0.0851209219286
0.146066672839	0.0800929704983	0.0800929704983
0.0859054738321	0.0298047593437	0.0298047593437
0.1775909669	0.0975087672092	0.0975087672092
0.178992340125	0.112744918385	0.112744918385
0.16032212406	0.0731928863721	0.0731928863721
0.203955243207	0.152443645291	0.152443645291
0.209028196532	0.111437839283	0.111437839283
0.194291061772	0.120908577499	0.120908577499
0.168776558977	0.145826057225	0.145826057225
0.141252078834	0.0505178545192	0.0505178545192
0.1471756439	0.0627296518642	0.0627296518642
0.149572790667	0.098690217797	0.098690217797
0.255816819007	0.106973461664	0.106973461664
0.18892656514	0.0981209720773	0.0981209720773
0.216549976311	0.0974745929137	0.0974745929137
0.195913692185	0.131434163877	0.131434163877
0.214871725273	0.124611402596	0.124611402596
0.171441788349	0.0746920718095	0.0746920718095
0.217366175879	0.104293384284	0.104293384284
0.221347235148	0.109314009664	0.109314009664
0.148127555005	0.0476925319881	0.0476925319881
0.146444789879	0.0538830401172	0.0538830401172
0.232068631735	0.127550739834	0.127550739834
0.204332578889	0.0867072733499	0.0867072733499
0.216447879883	0.113154815512	0.113154815512
0.148565170969	0.0777165182243	0.0777165182243
0.233734622894	0.130926693886	0.130926693886
0.151321628272	0.0665279735478	0.0665279735478
0.176453121481	0.0854228315225	0.0854228315225
0.221031312872	0.106229109357	0.106229109357
0.22377083362	0.169706977629	0.169706977629
0.215480496483	0.10962113939	0.10962113939
0.204254950903	0.118853375951	0.118853375951
0.224493946215	0.0880528609234	0.0880528609234
0.180087245951	0.0903913539232	0.0903913539232
0.18959057785	0.0780461458898	0.0780461458898
0.223709689832	0.117176720907	0.117176720907
0.214275936431	0.0926068711812	0.0926068711812
0.124167730057	0.0421109569188	0.0421109569188
0.202663584312	0.0869145758872	0.0869145758872
0.240349243583	0.120712118405	0.120712118405
0.207479591202	0.0893441626803	0.0893441626803
0.240106690527	0.149065918553	0.149065918553
0.216945922443	0.0863322366154	0.0863322366154
0.135273848	0.0555760939887	0.0555760939887
0.147236894607	0.0491216406927	0.0491216406927
0.207078515458	0.102251904562	0.102251904562
0.219161610348	0.103767718934	0.103767718934
0.216288788436	0.118142163003	0.118142163003
0.237730351464	0.123364201552	0.123364201552
0.276278751569	0.209336900489	0.209336900489
0.23589741853	0.104672534922	0.104672534922
0.216224979297	0.10831463477	0.10831463477
0.219490268024	0.131274740322	0.131274740322
0.16482306593	0.114588746168	0.114588746168
0.188231989397	0.0817893128173	0.0817893128173
0.125411586004	0.0466752249474	0.0466752249474
0.31020405548	0.157020323306	0.157020323306
0.217855675407	0.0758402528218	0.0758402528218
0.237567641812	0.114173010216	0.114173010216
0.207834747801	0.104691029644	0.104691029644
0.282396634103	0.146255304036	0.146255304036
0.255518476985	0.116862504814	0.116862504814
0.190509842495	0.101076764669	0.101076764669
0.249619122522	0.144135001642	0.144135001642
0.157396133453	0.0712317374021	0.0712317374021
0.258639898	0.148764581756	0.148764581756
0.24545765877	0.119073576234	0.119073576234
0.249613277184	0.150952065296	0.150952065296
0.228935078981	0.111649215779	0.111649215779
0.143307951458	0.0509448362242	0.0509448362242
0.190541846288	0.0852651334961	0.0852651334961
0.202914512244	0.0722838580877	0.0722838580877
0.287863711436	0.193588526411	0.193588526411
0.282891253782	0.18980687048	0.18980687048
0.187486883043	0.0868092816492	0.0868092816492
0.158077082646	0.0670710435811	0.0670710435811
0.225305759557	0.0933901604484	0.0933901604484
0.195669234596	0.111279686758	0.111279686758
0.196740181366	0.0892247637761	0.0892247637761
0.211380398763	0.155271426508	0.155271426508
0.177569890262	0.115060027658	0.115060027658
0.176007914973	0.0755459043502	0.0755459043502
0.209449931659	0.0915645658661	0.0915645658661
0.338762037383	0.185696164592	0.185696164592
0.262000757892	0.174699253035	0.174699253035
0.251967494533	0.140038652857	0.140038652857
0.222687967354	0.109758702131	0.109758702131
0.21320637292	0.110155879699	0.110155879699
0.243953420988	0.0819763955457	0.0819763955457
0.237322187457	0.148085756199	0.148085756199
0.179822861947	0.0678275528745	0.0678275528745
0.158492039562	0.0436248656427	0.0436248656427
0.239934844188	0.132529943672	0.132529943672
0.253691760955	0.158441361471	0.158441361471
0.216059437753	0.109184436164	0.109184436164
0.196949215972	0.0788152541347	0.0788152541347
0.20656561355	0.137606873934	0.137606873934
0.186996519958	0.0872796084536	0.0872796084536
0.234631214002	0.15840704552	0.15840704552
0.133672385286	0.0496963699704	0.0496963699704
0.179057605663	0.053179549715	0.053179549715
0.236674183125	0.127958843766	0.127958843766
0.179556201013	0.062577514984	0.062577514984
0.227443417162	0.130922447562	0.130922447562
0.225918819716	0.120707586811	0.120707586811
0.244148804127	0.114832892043	0.114832892043
0.246564067488	0.131333368009	0.131333368009
0.182285429216	0.0839825951789	0.0839825951789
0.15037515689	0.0372753962087	0.0372753962087
0.150930521627	0.0506359037224	0.0506359037224
0.180037103475	0.0546472894173	0.0546472894173
0.212320182001	0.115100562608	0.115100562608
0.170669474279	0.10151087979	0.10151087979
0.196902582088	0.0859301294049	0.0859301294049
0.14979334254	0.0449929912912	0.0449929912912
0.194572331211	0.0833244449813	0.0833244449813
0.201458114347	0.106861572815	0.106861572815
0.180258817668	0.0861309149585	0.0861309149585
0.279113066158	0.164139213232	0.164139213232
0.196979152832	0.076481716021	0.076481716021
0.179386431845	0.0688477206038	0.0688477206038
0.186384944906	0.0825757332885	0.0825757332885
0.165815573582	0.0505842078188	0.0505842078188
0.230553892762	0.123903546048	0.123903546048
0.202402054272	0.119739916519	0.119739916519
0.171595336181	0.0455858555321	0.0455858555321
0.215175097305	0.10389081883	0.10389081883
0.230679518597	0.132933824588	0.132933824588
0.221663815307	0.138118344981	0.138118344981
0.244581313865	0.149243155735	0.149243155735
0.19922183198	0.0804936146976	0.0804936146976
0.167637960425	0.0790847056005	0.0790847056005
0.284692908195	0.166331539136	0.166331539136
0.21137711143	0.0947869226704	0.0947869226704
0.228711479528	0.0931912590488	0.0931912590488
0.263772876447	0.123584790445	0.123584790445
0.240968979436	0.115328230313	0.115328230313
0.219912086823	0.0886947232798	0.0886947232798
0.216209154869	0.123091836503	0.123091836503
0.190545352005	0.0746986695185	0.0746986695185
0.221720067434	0.132798248945	0.132798248945
0.291635187579	0.141206970105	0.141206970105
0.270827915787	0.167292931812	0.167292931812
0.168356716663	0.0810374414211	0.0810374414211
0.103844029071	0.0659567671781	0.0659567671781
0.0692413130231	0.0722068269897	0.0722068269897
0.121151499787	0.102035444569	0.102035444569
0.130888396002	0.0936202846602	0.0936202846602
0.114905812134	0.0836934493787	0.0836934493787
0.126651403176	0.116622792484	0.116622792484
0.0957530553349	0.0803918639348	0.0803918639348
0.113108170118	0.078242369682	0.078242369682
0.127181079558	0.0836301695598	0.0836301695598
0.0903191313926	0.0709219920548	0.0709219920548
0.100601486928	0.0581520682223	0.0581520682223
0.157461099281	0.114771224748	0.114771224748
0.0806962765605	0.0715853624948	0.0715853624948
0.150680670028	0.114818169923	0.114818169923
0.0743245656195	0.0552866499337	0.0552866499337
0.101937167778	0.0923566909518	0.0923566909518
0.102243189788	0.0494532855671	0.0494532855671
0.0934246885192	0.105860877681	0.105860877681
0.104110951468	0.0819261755444	0.0819261755444
0.110193185447	0.0777492363429	0.0777492363429
0.119663036348	0.133583836439	0.133583836439
0.184471043751	0.127558141256	0.127558141256
0.167411499308	0.106991951552	0.106991951552
0.135665068018	0.0590430224866	0.0590430224866
0.188732339052	0.138112047862	0.138112047862
0.154714592395	0.108224542545	0.108224542545
0.122962179933	0.0901245480035	0.0901245480035
0.0560794169394	0.0314717608895	0.0314717608895
0.12993339501	0.0874498280947	0.0874498280947
0.224994680993	0.18211776553	0.18211776553
0.162022391966	0.122822250326	0.122822250326
0.143525439979	0.108158292245	0.108158292245
0.181476948882	0.135039268173	0.135039268173
0.144396335806	0.119197335573	0.119197335573
0.0845539678682	0.0537237907156	0.0537237907156
0.146494404799	0.101165978614	0.101165978614
0.166583784997	0.141166729496	0.141166729496
0.182122918447	0.144937621857	0.144937621857
0.162893618318	0.0946364879527	0.0946364879527
0.144440863302	0.108478874746	0.108478874746
0.140035912145	0.110298890456	0.110298890456
0.0855784122352	0.071372268035	0.071372268035
0.0970774804268	0.0707887061027	0.0707887061027
0.131461392521	0.0759632697955	0.0759632697955
0.135988837837	0.03236716174	0.03236716174
0.246290979118	0.100273291326	0.100273291326
0.273022557175	0.154000586977	0.154000586977
0.202474720481	0.128187351792	0.128187351792
0.220409520593	0.0887999630577	0.0887999630577
0.173031450312	0.0774362784892	0.0774362784892
0.218168182031	0.101943104838	0.101943104838
0.270976231397	0.155886130791	0.155886130791
0.296192611544	0.223030549205	0.223030549205
0.181993055515	0.0804715092462	0.0804715092462
nan	0.0495466064205	0.0495466064205
nan	0.0535470046361	0.0535470046361
nan	0.0744262437644	0.0744262437644
nan	0.166707039053	0.166707039053
nan	0.0558477824381	0.0558477824381
nan	0.0584370812834	0.0584370812834
nan	0.077696442014	0.077696442014
nan	0.0401991078321	0.0401991078321
nan	0.104692089735	0.104692089735
nan	0.0573046980259	0.0573046980259
nan	0.201551222058	0.201551222058
nan	0.0410527473833	0.0410527473833
nan	0.114985478679	0.114985478679
nan	0.025582516225	0.025582516225
nan	0.0528947665481	0.0528947665481
nan	0.0432706523921	0.0432706523921
nan	0.1163892121	0.1163892121
nan	0.0506078159645	0.0506078159645
nan	0.0832571866536	0.0832571866536
nan	0.0823276351495	0.0823276351495
nan	0.124989583501	0.124989583501
nan	0.048432607243	0.048432607243
nan	0.0188118882359	0.0188118882359
nan	0.0856608208712	0.0856608208712
nan	0.0620353550788	0.0620353550788
nan	0.0837440768381	0.0837440768381
nan	0.075166852449	0.075166852449
nan	0.00300281728853	0.00300281728853
nan	0.0835452141465	0.0835452141465
nan	0.0459825434036	0.0459825434036
nan	0.0799331226393	0.0799331226393
nan	0.112549097133	0.112549097133
nan	0.0895712480061	0.0895712480061
nan	0.138314695289	0.138314695289
nan	0.0833843378117	0.0833843378117
nan	0.0493172702766	0.0493172702766
nan	0.0741131965117	0.0741131965117
nan	0.0997032635578	0.0997032635578
nan	0.180702737492	0.180702737492
nan	0.089506836146	0.089506836146
nan	0.128899591172	0.128899591172
nan	0.0951909132305	0.0951909132305
nan	0.0853165559028	0.0853165559028
nan	0.133630348255	0.133630348255
0.0977899126515	0.068617958255	0.068617958255
0.171085776871	0.130018025723	0.130018025723
0.133727281821	0.110404952614	0.110404952614
0.149265916599	0.0748189201733	0.0748189201733
0.150068345002	0.0839481198932	0.0839481198932
0.213641088502	0.187342818963	0.187342818963
