0.0
0.5
0.516666666667
0.75
0.0
0.0
0.375
0.0
1.5
0.0
1.3125
0.0
0.666666666667
0.0
0.5
0.0
0.0
0.375
0.0
0.0
1.05555555556
0.0
1.0
0.0
0.0
0.0
1.5
0.375
0.75
1.25
0.666666666667
0.666666666667
0.0
0.0
0.0
0.0
0.0
0.5
1.125
0.0
0.333333333333
0.0
1.0
0.0
2.0
0.708333333333
0.0
2.0
0.333333333333
0.0
1.5
1.0
0.0
0.0
0.5
0.5
0.0
0.625
1.0
1.0
1.41666666667
0.9375
0.0
0.5
0.0
0.333333333333
0.5
0.0
1.0
1.0
0.0
0.0
0.0
0.0
0.0
1.5
1.0
1.0
0.0
0.0
0.875
2.0
0.75
0.0
0.666666666667
1.5
1.1875
0.75
0.375
0.0
0.75
0.2
0.0
0.0
0.375
1.5
0.5
0.0
2.0
0.0
0.0
2.0
0.0
0.0
1.33333333333
1.5
0.0
0.5
0.0
0.7
0.0
0.75
1.0
0.5
1.08333333333
0.0
0.0
0.333333333333
0.0
0.0
1.0
0.944444444444
0.0
0.25
0.0
1.25
1.125
0.0
0.0
0.0
0.0
1.0
0.0
3.0
1.5
0.0
0.142857142857
0.0
0.0
0.0
0.0
0.0
0.916666666667
0.0
0.214285714286
1.75
0.0
0.0
0.0
0.0
0.96
1.0
1.0
2.0
0.0
0.0
1.5
2.0
0.3
1.5
0.0714285714286
1.5
0.0
0.0
0.75
0.0
1.375
0.5
1.5
0.0
2.0
0.0
0.0
2.0
0.0
0.0
0.0
0.75
0.666666666667
0.0
1.0
1.0
0.75
1.5
1.5
0.0
1.125
0.5
0.666666666667
0.0
1.5
0.5
0.0
1.0
0.0
0.666666666667
1.38888888889
0.0
0.0
0.0
0.0
0.0
0.0
0.0
0.5
1.125
0.0
0.0
0.75
0.0
0.0
0.0
0.0
0.0
1.25
2.0
0.0
2.0
1.0
0.75
1.0
0.0
0.0
0.0
0.0
0.0
0.5
0.0
0.0
1.0
0.666666666667
1.0
0.0
2.0
0.5
2.0
0.0
1.5
1.5
1.5
0.0
1.5
2.0
0.791666666667
1.5
0.75
0.8125
1.5
0.0
0.75
0.0
0.440476190476
1.25
0.0
0.214285714286
1.125
0.0
0.4
0.0
1.75
0.75
0.0
0.0
1.0
0.0
0.0
0.0
1.0
0.0
0.0
0.0
0.833333333333
0.25
0.0
1.0
0.875
0.0
0.0
0.75
0.0
0.0
1.0
0.214285714286
0.0
0.0
0.0
0.888888888889
0.0
0.6875
2.0
0.5
0.0
1.5
0.0
1.5
0.0
0.875
2.0
1.5
1.5
0.0
0.0
0.0
0.0
0.0
1.0
1.0
1.375
0.0
1.5
0.25
0.75
1.125
0.0
0.0
0.0
1.5
0.0
0.666666666667
1.5
0.5
1.5
0.0
0.0
0.0
0.0
0.0
1.5
1.5
0.0
0.0
0.0
0.0
0.0
1.25
2.0
0.0
1.5
0.0
0.0
0.0
0.0
0.5
0.0
0.0
0.0
0.0
0.0
1.5
0.0
0.0
0.5
0.0
0.0
0.0
1.5
0.0
1.5
0.0
0.0
1.5
0.0
0.0
0.0
0.833333333333
0.0
1.5
0.5
0.0
0.0
0.75
2.0
0.0
0.0
1.0
0.0
0.0
1.5
0.0
0.0
0.0
0.0
1.0
0.0
0.0
0.0
1.5
0.0
0.0
0.75
1.5
2.0
0.5
0.0
0.0
0.5
0.375
0.0
0.0
0.0
0.0
0.0
0.0
0.458333333333
0.0
1.5
0.5
1.5
0.75
0.0
0.0
0.0
0.375
0.0
0.0
2.0
0.0
0.0
1.0
0.0
0.0
1.5
2.0
0.5
0.0
0.0
0.0
2.0
0.0
0.5
0.5
0.0
0.0
0.0
0.0
1.0
0.0
1.5
0.0
0.0
0.722222222222
2.0
1.0
0.738095238095
0.5
1.25
0.0
0.0
0.0
0.0
0.75
0.0
0.75
0.666666666667
0.0
2.0
0.0
0.0
0.0
0.9375
0.75
0.0
0.0
0.0
1.5
0.75
0.0
0.0
0.75
1.0
0.75
0.0
0.0
2.0
0.0
0.0
0.285714285714
0.0
0.0
0.0
0.0
0.0
0.285714285714
0.0
0.0
0.666666666667
0.5
0.0
0.333333333333
1.75
0.0
0.0
1.0
0.5
0.0
0.0
0.375
0.375
0.0
0.333333333333
0.0
0.0
0.0
1.5
0.0
0.0
0.0
0.0
0.0
0.0
0.0
0.0
0.0
0.0
0.0
0.0
0.0
0.75
0.0
0.0
2.0
2.0
0.5
0.5
1.5
0.0
0.5
0.5
0.5
0.0
0.0
0.0
1.5
0.75
0.0
0.25
0.0
0.75
0.0
0.0
0.0
0.3
0.0
1.125
0.0
0.375
0.0
0.0
0.0
0.0
1.0
0.75
0.0
1.0
0.5
1.0
0.6875
0.0
0.0
1.66666666667
0.0
0.0
0.5
1.5
0.0
1.0
0.0
0.0
0.0
0.0
1.0
0.0
1.0
0.0
0.0
0.0
0.75
0.5
0.75
0.511904761905
0.0
0.0
0.0
0.666666666667
0.75
0.0
0.0
0.0
1.0
0.0
0.0
2.0
0.0
0.0
0.0
0.0
0.0
1.25
0.25
0.0
0.0
1.0
2.0
0.0
0.0
1.5
0.0
0.0
0.0
0.0
0.0
0.0
0.0
1.0
0.0
0.0
1.5
0.0
0.0
0.0
0.5
1.5
0.5
0.0
2.0
2.0
0.0
1.5
0.0
0.0
0.0
1.375
0.0
1.5
0.5
1.0
0.0
0.666666666667
0.0
0.0
1.0
0.75
0.0
1.0
1.0
1.5
0.0
0.0
0.75
0.0
0.0
0.0
0.0
0.0
0.5
0.5
1.5
0.916666666667
2.0
0.0
0.0
1.5
0.0
1.0
1.0
0.0
1.1875
2.0
1.0
0.0
0.0
1.0
1.5
0.0
1.0
1.5
1.5
0.0
2.0
0.0
0.0
0.5
1.5
1.0
0.0
0.875
1.0
0.0
0.0
0.375
0.0
0.666666666667
0.0
1.0
0.5
1.5
0.0
2.0
1.0
1.0
0.0
0.0
1.02777777778
0.75
0.541666666667
0.0
1.0
0.5
2.0
2.0
1.0
0.0
0.0
1.5
1.5
0.0
0.0
0.875
1.5
0.0
0.0
1.0
0.5
0.0
0.0
0.0
0.75
0.0
1.5
0.0
0.0
0.75
0.0
0.0
0.75
1.0
0.0
0.5
2.0
0.0
0.75
0.0
0.0
0.944444444444
0.0
1.08333333333
0.5
0.0
0.0
0.0
0.0
0.0
0.5
0.0
1.0
0.0
0.0
0.0
0.0
0.0
1.0
0.0
0.0
1.0
0.285714285714
0.0
0.75
0.0
0.0
0.75
0.0
0.0
0.75
0.0
0.0
0.0
0.0
0.0
1.0
0.0
1.75
0.0
0.5
0.0
0.0
0.333333333333
0.666666666667
0.0
0.0
1.0
0.0
0.0
0.0
0.0
0.285714285714
0.875
0.0
0.0
1.0
0.375
0.0
0.0
0.0
0.0
0.0
0.0
0.75
1.0
1.33333333333
0.0
0.6
0.75
0.0
0.0
1.0
0.0
1.375
0.5
0.0
0.0
0.0
2.0
1.0
1.0
0.75
0.0
0.0
1.0
0.0
0.0
0.0
2.0
0.571428571429
0.0
0.0
1.0
0.75
0.5
0.0
0.0
1.0
1.375
0.75
0.75
1.5
1.41666666667
1.0
0.0
0.0
0.5
0.0
1.33333333333
0.75
0.375
0.875
0.0
1.0375
1.0
1.0
0.0
0.0
0.35
1.375
0.875
1.0
0.0
1.83333333333
0.5
1.0625
0.0
0.6875
1.0
0.375
0.5
0.0
0.0
0.375
0.6875
0.0
0.5
0.4375
0.0
1.5
0.375
0.0
0.0
2.0
0.0
0.75
0.285714285714
0.0
0.0
1.0
0.0
0.0
0.0
1.5
0.0
0.0
0.916666666667
2.0
0.0
0.0
0.0
0.75
0.0
0.0
0.0
0.0
0.375
0.0
0.0
0.5
1.0
0.5
0.0
1.75
0.75
0.0
0.0
1.15
1.75
0.0
1.0
1.5
0.0
0.5
1.0
0.75
0.0
0.0
0.75
1.5
1.5
1.0
0.666666666667
1.0
0.0
0.0
0.0
1.0
0.0
0.75
0.5
0.375
0.0
0.75
0.0
0.0
1.0
1.0
0.0
1.0
1.0
1.0
0.5
0.0
0.375
0.0
0.75
0.482142857143
0.0
0.5
0.0
0.708333333333
0.75
0.285714285714
0.375
0.0
1.0
0.0
0.5
0.0
0.0
1.0
0.0
0.4
0.625
0.916666666667
0.0
0.0
0.0
0.0
0.333333333333
1.08333333333
0.0
0.0
1.33333333333
0.0
0.0
0.0
0.0
0.0
0.0
1.25
0.0
0.666666666667
0.0
0.666666666667
0.0
0.0
0.0
0.0
0.375
1.75
0.0
1.0
1.5
0.75
0.0
0.0
0.0
1.5
0.75
0.0
1.5
0.5
0.0
0.0
0.666666666667
2.0
0.0
0.0
0.0
0.666666666667
0.51
0.5
0.5
0.5
0.0
0.875
0.5
1.0
0.5
1.0
0.5
0.0
0.0
0.0
0.0
0.0
0.0
0.142857142857
1.25
1.5
1.0
0.0
1.125
0.142857142857
0.0
0.0
0.0
0.0
0.0
0.0
0.0
0.75
0.0
0.5
1.0
0.0
1.0
0.0
0.0
0.525
1.25
0.0
0.5
0.541666666667
0.0
0.583333333333
1.0
0.75
0.75
1.5
0.0
0.0
0.875
0.0
2.0
0.5
0.0
0.357142857143
1.0
0.0
0.0
0.0
1.5
0.333333333333
0.0
0.0
0.0
0.0
0.0
0.0
0.0
0.625
0.375
0.0
0.0
0.0
0.0
0.0
1.5
0.0
0.5
0.75
0.0
0.0
0.0
0.75
0.5
0.5
1.5
0.0
0.75
0.75
0.0
0.0
0.0
0.75
0.2
0.0
0.0
0.527777777778
0.75
1.0
1.5
1.375
0.672619047619
0.75
0.0
0.5
0.0
0.0
0.5
0.0
0.0
1.5
0.0
1.5
0.75
0.0
0.75
0.75
0.0
0.0
0.0
0.0
0.5
0.0
0.0
0.0
0.2
0.0
0.25
2.0
1.08333333333
0.0
0.0
0.0
1.5
1.25
0.0
1.25
0.0
0.0
0.0
0.0
0.5
0.517857142857
0.0
1.5
0.75
0.0
0.0
1.125
1.5
0.0
1.0
1.5
0.0
0.0
0.0
0.0
0.142857142857
0.0
0.75
1.0
0.75
0.0
0.0
0.0
0.2
0.0
0.0
0.0
0.0
1.5
0.0
0.75
0.0
0.0
0.0
0.0
1.5
0.0
2.0
0.0
0.0
0.0
0.0
0.0
0.0
1.5
0.5
0.2
0.375
0.0
0.0
0.5
0.0
0.0
0.0
0.0
0.0
1.5
0.2
0.75
0.0
0.5
0.0
0.0
0.5
0.0
0.5
1.5
0.0
0.0
0.475
0.0
0.0
0.0
0.75
0.5
1.5
1.1875
2.0
1.08333333333
0.0
0.0
0.0
0.0
2.0
0.0
1.0
0.0
1.5
2.0
0.0
0.0
0.75
0.0
0.75
2.0
0.0
0.0
0.0
0.0
1.5
0.75
2.0
0.0
1.16666666667
0.0
1.5
0.0
0.5
0.0
0.0
0.0
0.0
1.0
0.666666666667
0.0
1.5
0.0
1.0
2.0
1.0
0.75
0.0
1.5
0.0
0.0
1.5
1.75
0.0
2.0
0.0
0.0
0.0
0.0
0.0
0.0
0.0
0.0
0.0
1.375
0.0
2.0
0.0
0.5
0.0
0.6875
0.5
0.75
0.0
0.0
0.0
0.0
0.5
0.0
0.5
0.0
0.0
0.0
0.0
0.0
0.5
0.5
0.5
0.0
0.0
0.0
0.0
0.0
0.525
0.0
0.0
0.0
0.0
0.0
2.0
0.0
0.0
0.5
0.0
0.75
0.0
0.0
0.0
0.0
0.0
0.0
0.75
0.0
0.0
0.357142857143
0.0
0.0
0.0
0.0
0.0
1.5
0.0
0.0
0.0
0.0
0.0
0.0
0.0
1.5
0.0
0.3
0.0
1.5
0.0
0.0
0.4375
0.75
0.375
0.0
0.0
0.0
0.0
0.0
0.0
0.0
1.0
0.333333333333
0.75
0.0
0.75
0.0
0.0
0.0
0.0
0.85
0.0
0.642857142857
0.5
0.0
0.0
1.0
0.75
0.0
0.0
0.0
0.0
0.0
0.0
0.5
0.0
0.5
1.0
0.0
0.3
0.5
0.0
0.0
1.5
0.0
0.0
